2.002085047558655788e+03 7.599999999999999645e+00
2.002090526315789475e+03 8.390000000000000568e+00
2.002096005072923163e+03 8.570000000000000284e+00
2.002101483830057077e+03 8.560000000000000497e+00
2.002106962587190765e+03 8.560000000000000497e+00
2.002120659480025324e+03 8.720000000000000639e+00
2.002128877615725969e+03 8.890000000000000568e+00
2.002142574508560529e+03 8.880000000000000782e+00
2.002169968294229648e+03 8.720000000000000639e+00
2.002172707672796378e+03 8.880000000000000782e+00
2.002175447051363335e+03 8.890000000000000568e+00
2.002183665187063980e+03 8.759999999999999787e+00
2.002186404565630937e+03 8.669999999999999929e+00
2.002200101458465497e+03 8.859999999999999432e+00
2.002202840837032227e+03 8.890000000000000568e+00
2.002205580215599184e+03 8.830000000000000071e+00
2.002249410272669593e+03 8.820000000000000284e+00
2.002263107165504152e+03 8.890000000000000568e+00
2.002279543436905442e+03 8.849999999999999645e+00
2.002298719086873916e+03 8.810000000000000497e+00
2.002309676601141518e+03 8.779999999999999361e+00
2.002312415979708248e+03 8.759999999999999787e+00
2.002315155358275206e+03 8.720000000000000639e+00
2.002320634115408893e+03 8.810000000000000497e+00
2.002323373493975851e+03 8.470000000000000639e+00
2.002326112872542808e+03 8.439999999999999503e+00
2.002328852251109765e+03 8.539999999999999147e+00
2.002345288522511055e+03 8.759999999999999787e+00
2.002350767279644970e+03 8.849999999999999645e+00
2.002353506658211700e+03 8.919999999999999929e+00
2.002358985415345614e+03 8.789999999999999147e+00
2.002367203551046259e+03 8.759999999999999787e+00
2.002369942929613217e+03 8.750000000000000000e+00
2.002372682308180174e+03 8.810000000000000497e+00
2.002375421686746904e+03 8.720000000000000639e+00
2.002405554850982980e+03 8.439999999999999503e+00
2.002416512365250583e+03 8.650000000000000355e+00
2.002421991122384270e+03 8.650000000000000355e+00
2.002446645529486432e+03 8.599999999999999645e+00
2.002449384908053162e+03 8.570000000000000284e+00
2.002452124286620119e+03 8.689999999999999503e+00
2.002457603043754034e+03 8.599999999999999645e+00
2.002463081800887721e+03 8.500000000000000000e+00
2.002465821179454679e+03 8.429999999999999716e+00
2.002468560558021636e+03 8.349999999999999645e+00
2.002479518072289238e+03 8.189999999999999503e+00
2.002484996829422926e+03 8.220000000000000639e+00
2.002498693722257485e+03 8.570000000000000284e+00
2.002501433100824443e+03 8.060000000000000497e+00
2.002512390615092045e+03 7.889999999999999680e+00
2.002515129993658775e+03 7.900000000000000355e+00
2.002517869372225732e+03 8.400000000000000355e+00
2.002520608750792690e+03 7.740000000000000213e+00
2.002523348129359647e+03 7.900000000000000355e+00
2.002526087507926377e+03 7.849999999999999645e+00
2.002531566265060292e+03 7.820000000000000284e+00
2.002534305643627249e+03 7.889999999999999680e+00
2.002537045022193979e+03 7.759999999999999787e+00
2.002569917564996786e+03 7.820000000000000284e+00
2.002572656943563743e+03 7.759999999999999787e+00
2.002575396322130700e+03 7.759999999999999787e+00
2.002589093214965033e+03 7.690000000000000391e+00
2.002591832593531990e+03 7.570000000000000284e+00
2.002594571972098947e+03 7.559999999999999609e+00
2.002597311350665905e+03 7.500000000000000000e+00
2.002600050729232635e+03 7.540000000000000036e+00
2.002602790107799592e+03 7.599999999999999645e+00
2.002605529486366549e+03 7.669999999999999929e+00
2.002613747622067194e+03 7.690000000000000391e+00
2.002616487000634152e+03 7.690000000000000391e+00
2.002619226379201109e+03 7.669999999999999929e+00
2.002621965757767839e+03 7.679999999999999716e+00
2.002624705136334796e+03 7.709999999999999964e+00
2.002635662650602399e+03 7.570000000000000284e+00
2.002649359543436958e+03 7.830000000000000071e+00
2.002660317057704560e+03 7.820000000000000284e+00
2.002671274571972162e+03 7.879999999999999893e+00
2.002674013950538892e+03 7.820000000000000284e+00
2.002676753329105850e+03 7.879999999999999893e+00
2.002706886493341699e+03 8.220000000000000639e+00
2.002709625871908656e+03 8.419999999999999929e+00
2.002712365250475614e+03 8.500000000000000000e+00
2.002723322764743216e+03 8.250000000000000000e+00
2.002731540900443861e+03 8.419999999999999929e+00
2.002734280279010818e+03 8.689999999999999503e+00
2.002742498414711463e+03 7.849999999999999645e+00
2.002778110336081227e+03 8.140000000000000568e+00
2.002783589093214914e+03 8.140000000000000568e+00
2.002786328471781871e+03 8.259999999999999787e+00
2.002789067850348829e+03 8.060000000000000497e+00
2.002791807228915559e+03 8.080000000000000071e+00
2.002797285986049474e+03 8.179999999999999716e+00
2.002800025364616431e+03 8.080000000000000071e+00
2.002802764743183161e+03 8.220000000000000639e+00
2.002808243500317076e+03 8.109999999999999432e+00
2.002810982878884033e+03 8.439999999999999503e+00
2.002813722257450763e+03 8.189999999999999503e+00
2.002816461636017721e+03 8.349999999999999645e+00
2.002819201014584678e+03 8.189999999999999503e+00
2.002821940393151635e+03 8.220000000000000639e+00
2.002824679771718365e+03 8.240000000000000213e+00
2.002827419150285323e+03 8.140000000000000568e+00
2.002830158528852280e+03 8.169999999999999929e+00
2.002846594800253570e+03 8.080000000000000071e+00
2.003169841471147720e+03 8.070000000000000284e+00
2.003175320228281635e+03 8.099999999999999645e+00
2.003178059606848365e+03 8.080000000000000071e+00
2.003183538363982279e+03 8.039999999999999147e+00
2.003186277742549237e+03 7.889999999999999680e+00
2.003194495878249882e+03 7.889999999999999680e+00
2.003252022828154622e+03 7.879999999999999893e+00
2.003309549778059591e+03 7.400000000000000355e+00
2.003336943563728710e+03 7.419999999999999929e+00
2.003347901077996084e+03 7.330000000000000071e+00
2.003356119213696957e+03 7.309999999999999609e+00
2.003358858592263687e+03 7.830000000000000071e+00
2.003361597970830644e+03 7.919999999999999929e+00
2.003364337349397601e+03 8.169999999999999929e+00
2.003372555485098246e+03 7.969999999999999751e+00
2.003375294863665204e+03 8.060000000000000497e+00
2.003383512999365848e+03 8.140000000000000568e+00
2.003386252377932806e+03 8.250000000000000000e+00
2.003397209892200408e+03 8.279999999999999361e+00
2.003405428027901053e+03 8.310000000000000497e+00
2.003408167406468010e+03 8.250000000000000000e+00
2.003410906785034967e+03 8.240000000000000213e+00
2.003413646163601697e+03 8.240000000000000213e+00
2.003416385542168655e+03 8.220000000000000639e+00
2.003419124920735612e+03 8.060000000000000497e+00
2.003427343056436257e+03 8.130000000000000782e+00
2.003430082435003214e+03 8.150000000000000355e+00
2.003438300570703859e+03 8.669999999999999929e+00
2.003441039949270817e+03 8.509999999999999787e+00
2.003451997463538419e+03 8.009999999999999787e+00
2.003457476220672106e+03 7.830000000000000071e+00
2.003460215599239064e+03 8.429999999999999716e+00
2.003462954977806021e+03 7.879999999999999893e+00
2.003465694356372751e+03 7.919999999999999929e+00
2.003471173113506666e+03 7.849999999999999645e+00
2.003493088142041870e+03 7.719999999999999751e+00
2.003495827520608827e+03 7.669999999999999929e+00
2.003498566899175557e+03 7.500000000000000000e+00
2.003501306277742515e+03 8.080000000000000071e+00
2.003504045656309472e+03 7.879999999999999893e+00
2.003512263792010117e+03 7.389999999999999680e+00
2.003515003170577074e+03 7.360000000000000320e+00
2.003520481927710762e+03 7.349999999999999645e+00
2.003523221306277719e+03 7.240000000000000213e+00
2.003525960684844677e+03 6.750000000000000000e+00
2.003531439441978364e+03 6.940000000000000391e+00
2.003534178820545321e+03 6.919999999999999929e+00
2.003542396956245966e+03 7.110000000000000320e+00
2.003556093849080526e+03 7.679999999999999716e+00
2.003558833227647483e+03 7.349999999999999645e+00
2.003561572606214440e+03 7.320000000000000284e+00
2.003564311984781170e+03 7.190000000000000391e+00
2.003575269499048773e+03 7.240000000000000213e+00
2.003578008877615730e+03 7.110000000000000320e+00
2.003580748256182687e+03 7.219999999999999751e+00
2.003583487634749417e+03 7.250000000000000000e+00
2.003586227013316375e+03 7.259999999999999787e+00
2.003594445149017020e+03 6.790000000000000036e+00
2.003597184527583977e+03 6.830000000000000071e+00
2.003599923906150934e+03 6.969999999999999751e+00
2.003608142041851579e+03 7.250000000000000000e+00
2.003616360177552224e+03 7.419999999999999929e+00
2.003630057070386783e+03 6.990000000000000213e+00
2.003635535827520698e+03 6.860000000000000320e+00
2.003641014584654386e+03 7.070000000000000284e+00
2.003643753963221343e+03 7.259999999999999787e+00
2.003649232720355030e+03 7.150000000000000355e+00
2.003651972098921988e+03 7.040000000000000036e+00
2.003654711477488945e+03 7.030000000000000249e+00
2.003660190234622632e+03 7.169999999999999929e+00
2.003676626506024149e+03 7.169999999999999929e+00
2.003701280913126084e+03 6.599999999999999645e+00
2.003706759670259999e+03 6.780000000000000249e+00
2.003717717184527601e+03 7.070000000000000284e+00
2.003725935320228245e+03 7.030000000000000249e+00
2.003728674698795203e+03 7.240000000000000213e+00
2.003758807863031052e+03 6.759999999999999787e+00
2.003767025998731697e+03 6.580000000000000071e+00
2.003769765377298654e+03 6.750000000000000000e+00
2.003772504755865612e+03 6.830000000000000071e+00
2.003788941027266901e+03 6.530000000000000249e+00
2.003799898541534503e+03 6.469999999999999751e+00
2.003816334812936020e+03 6.559999999999999609e+00
2.003819074191502750e+03 6.740000000000000213e+00
2.003821813570069708e+03 6.639999999999999680e+00
2.003824552948636665e+03 6.830000000000000071e+00
2.003832771084337310e+03 6.809999999999999609e+00
2.003835510462904267e+03 6.669999999999999929e+00
2.003840989220037955e+03 6.709999999999999964e+00
2.003843728598604912e+03 6.759999999999999787e+00
2.003854686112872514e+03 6.650000000000000355e+00
2.004147799619530815e+03 6.759999999999999787e+00
2.004153278376664503e+03 7.290000000000000036e+00
2.004166975269499062e+03 7.360000000000000320e+00
2.004175193405199707e+03 7.429999999999999716e+00
2.004216284083703158e+03 7.379999999999999893e+00
2.004229980976537718e+03 7.320000000000000284e+00
2.004246417247939235e+03 7.290000000000000036e+00
2.004251896005072922e+03 7.290000000000000036e+00
2.004254635383639879e+03 7.429999999999999716e+00
2.004279289790741814e+03 7.570000000000000284e+00
2.004284768547875728e+03 7.360000000000000320e+00
2.004287507926442686e+03 7.349999999999999645e+00
2.004317641090678535e+03 6.740000000000000213e+00
2.004320380469245492e+03 6.740000000000000213e+00
2.004334077362079825e+03 6.690000000000000391e+00
2.004339556119213739e+03 6.400000000000000355e+00
2.004342295497780697e+03 6.389999999999999680e+00
2.004345034876347427e+03 6.530000000000000249e+00
2.004361471147748944e+03 6.610000000000000320e+00
2.004364210526315901e+03 6.669999999999999929e+00
2.004366949904882631e+03 6.940000000000000391e+00
2.004372428662016546e+03 6.940000000000000391e+00
2.004375168040583276e+03 7.040000000000000036e+00
2.004380646797717191e+03 6.759999999999999787e+00
2.004391604311984793e+03 6.469999999999999751e+00
2.004402561826252395e+03 6.209999999999999964e+00
2.004405301204819352e+03 6.240000000000000213e+00
2.004416258719086954e+03 6.280000000000000249e+00
2.004424476854787599e+03 6.389999999999999680e+00
2.004432694990488244e+03 6.690000000000000391e+00
2.004435434369055201e+03 6.679999999999999716e+00
2.004438173747622159e+03 6.759999999999999787e+00
2.004443652504755846e+03 6.709999999999999964e+00
2.004451870640456491e+03 6.919999999999999929e+00
2.004454610019023448e+03 6.900000000000000355e+00
2.004457349397590406e+03 6.740000000000000213e+00
2.004462828154724093e+03 6.759999999999999787e+00
2.004465567533291050e+03 6.969999999999999751e+00
2.004468306911858008e+03 6.940000000000000391e+00
2.004471046290424965e+03 7.000000000000000000e+00
2.004473785668991695e+03 7.030000000000000249e+00
2.004476525047558653e+03 7.139999999999999680e+00
2.004482003804692567e+03 6.530000000000000249e+00
2.004484743183259297e+03 6.469999999999999751e+00
2.004492961318959942e+03 6.349999999999999645e+00
2.004495700697526900e+03 6.280000000000000249e+00
2.004506658211794502e+03 6.429999999999999716e+00
2.004509397590361459e+03 6.400000000000000355e+00
2.004512136968928417e+03 6.099999999999999645e+00
2.004514876347495147e+03 5.889999999999999680e+00
2.004531312618896663e+03 6.070000000000000284e+00
2.004536791376030351e+03 6.240000000000000213e+00
2.004545009511731223e+03 6.650000000000000355e+00
2.004550488268864910e+03 6.419999999999999929e+00
2.004558706404565555e+03 5.990000000000000213e+00
2.004566924540266427e+03 6.030000000000000249e+00
2.004569663918833157e+03 5.969999999999999751e+00
2.004583360811667717e+03 6.110000000000000320e+00
2.004586100190234674e+03 6.000000000000000000e+00
2.004588839568801632e+03 6.040000000000000036e+00
2.004591578947368362e+03 6.129999999999999893e+00
2.004594318325935319e+03 6.110000000000000320e+00
2.004597057704502276e+03 5.959999999999999964e+00
2.004602536461635964e+03 5.900000000000000355e+00
2.004605275840202921e+03 6.080000000000000071e+00
2.004616233354470523e+03 5.990000000000000213e+00
2.004624451490171168e+03 5.889999999999999680e+00
2.004627190868738126e+03 5.860000000000000320e+00
2.004635409004438770e+03 5.580000000000000071e+00
2.004640887761572685e+03 5.419999999999999929e+00
2.004646366518706373e+03 5.650000000000000355e+00
2.004651845275840287e+03 5.740000000000000213e+00
2.004657324032973975e+03 5.719999999999999751e+00
2.004676499682942222e+03 5.379999999999999893e+00
2.004681978440076136e+03 5.349999999999999645e+00
2.004690196575776781e+03 4.940000000000000391e+00
2.004698414711477426e+03 4.959999999999999964e+00
2.004703893468611341e+03 5.040000000000000036e+00
2.004706632847178298e+03 5.209999999999999964e+00
2.004709372225745028e+03 5.209999999999999964e+00
2.004712111604311986e+03 5.110000000000000320e+00
2.004714850982878943e+03 5.219999999999999751e+00
2.004720329740012630e+03 5.129999999999999893e+00
2.004725808497146545e+03 5.179999999999999716e+00
2.004728547875713275e+03 5.080000000000000071e+00
2.004734026632847190e+03 4.750000000000000000e+00
2.004736766011414147e+03 4.790000000000000036e+00
2.004750462904248479e+03 4.959999999999999964e+00
2.004758681039949352e+03 5.099999999999999645e+00
2.004761420418516082e+03 5.169999999999999929e+00
2.004775117311350641e+03 5.240000000000000213e+00
2.004780596068484556e+03 5.320000000000000284e+00
2.004791553582752158e+03 5.379999999999999893e+00
2.004794292961318888e+03 5.530000000000000249e+00
2.004797032339885845e+03 5.679999999999999716e+00
2.004799771718452803e+03 5.750000000000000000e+00
2.004802511097019760e+03 5.759999999999999787e+00
2.004805250475586490e+03 5.719999999999999751e+00
2.004818947368421050e+03 5.780000000000000249e+00
2.004821686746988007e+03 5.889999999999999680e+00
2.004827165504121695e+03 5.830000000000000071e+00
2.004829904882688652e+03 5.929999999999999716e+00
2.004887431832593620e+03 5.830000000000000071e+00
2.004892910589727308e+03 5.759999999999999787e+00
2.004895649968294265e+03 5.900000000000000355e+00
2.004901128725427952e+03 5.959999999999999964e+00
2.005095624603677834e+03 6.969999999999999751e+00
2.005112060875079351e+03 6.690000000000000391e+00
2.005114800253646081e+03 6.440000000000000391e+00
2.005144933417882157e+03 5.629999999999999893e+00
2.005147672796448887e+03 5.679999999999999716e+00
2.005191502853519296e+03 5.500000000000000000e+00
2.005232593532022747e+03 5.490000000000000213e+00
2.005235332910589705e+03 5.530000000000000249e+00
2.005254508560557952e+03 5.599999999999999645e+00
2.005281902346227071e+03 5.419999999999999929e+00
2.005301077996195318e+03 5.320000000000000284e+00
2.005306556753329005e+03 5.259999999999999787e+00
2.005309296131895962e+03 5.290000000000000036e+00
2.005325732403297479e+03 5.190000000000000391e+00
2.005328471781864209e+03 4.860000000000000320e+00
2.005331211160431167e+03 4.860000000000000320e+00
2.005333950538998124e+03 4.929999999999999716e+00
2.005339429296131811e+03 4.889999999999999680e+00
2.005342168674698769e+03 4.809999999999999609e+00
2.005344908053265726e+03 4.900000000000000355e+00
2.005350386810399414e+03 4.900000000000000355e+00
2.005353126188966371e+03 4.879999999999999893e+00
2.005358604946100286e+03 4.820000000000000284e+00
2.005369562460367888e+03 4.679999999999999716e+00
2.005375041217501575e+03 4.690000000000000391e+00
2.005377780596068533e+03 4.559999999999999609e+00
2.005383259353202220e+03 4.500000000000000000e+00
2.005388738110336135e+03 4.559999999999999609e+00
2.005394216867469822e+03 4.419999999999999929e+00
2.005396956246036780e+03 4.469999999999999751e+00
2.005416131896005027e+03 4.290000000000000036e+00
2.005421610653138941e+03 4.379999999999999893e+00
2.005424350031705671e+03 4.440000000000000391e+00
2.005435307545973274e+03 4.389999999999999680e+00
2.005449004438807833e+03 4.309999999999999609e+00
2.005451743817374791e+03 4.440000000000000391e+00
2.005454483195941748e+03 4.429999999999999716e+00
2.005457222574508478e+03 4.500000000000000000e+00
2.005459961953075435e+03 4.330000000000000071e+00
2.005462701331642393e+03 4.110000000000000320e+00
2.005465440710209350e+03 4.139999999999999680e+00
2.005468180088776080e+03 4.209999999999999964e+00
2.005470919467343037e+03 4.150000000000000355e+00
2.005473658845909995e+03 4.059999999999999609e+00
2.005476398224476952e+03 4.150000000000000355e+00
2.005503792010145844e+03 4.419999999999999929e+00
2.005514749524413446e+03 4.379999999999999893e+00
2.005522967660114091e+03 4.389999999999999680e+00
2.005525707038681048e+03 4.059999999999999609e+00
2.005528446417248006e+03 3.919999999999999929e+00
2.005531185795814736e+03 3.830000000000000071e+00
2.005533925174381693e+03 3.790000000000000036e+00
2.005547622067216253e+03 3.259999999999999787e+00
2.005553100824349940e+03 3.529999999999999805e+00
2.005558579581483855e+03 3.529999999999999805e+00
2.005564058338617542e+03 3.680000000000000160e+00
2.005566797717184500e+03 3.830000000000000071e+00
2.005569537095751457e+03 3.959999999999999964e+00
2.005572276474318414e+03 3.919999999999999929e+00
2.005594191502853619e+03 3.879999999999999893e+00
2.005596930881420349e+03 3.790000000000000036e+00
2.005607888395687951e+03 3.810000000000000053e+00
2.005613367152821866e+03 3.560000000000000053e+00
2.005624324667089468e+03 2.990000000000000213e+00
2.005629803424223155e+03 2.830000000000000071e+00
2.005643500317057715e+03 2.680000000000000160e+00
2.005646239695624672e+03 2.609999999999999876e+00
2.005659936588459004e+03 2.750000000000000000e+00
2.005662675967025962e+03 2.649999999999999911e+00
2.005665415345592919e+03 2.919999999999999929e+00
2.005668154724159876e+03 2.830000000000000071e+00
2.005670894102726606e+03 2.890000000000000124e+00
2.005673633481293564e+03 2.740000000000000213e+00
2.005681851616994209e+03 3.009999999999999787e+00
2.005684590995561166e+03 3.149999999999999911e+00
2.005692809131261811e+03 3.009999999999999787e+00
2.005695548509828768e+03 3.009999999999999787e+00
2.005698287888395726e+03 3.069999999999999840e+00
2.005701027266962683e+03 3.240000000000000213e+00
2.005706506024096370e+03 3.220000000000000195e+00
2.005709245402663328e+03 3.209999999999999964e+00
2.005711984781230285e+03 3.319999999999999840e+00
2.005714724159797015e+03 3.359999999999999876e+00
2.005717463538363972e+03 3.459999999999999964e+00
2.005720202916930930e+03 3.540000000000000036e+00
2.005722942295497887e+03 3.390000000000000124e+00
2.005725681674064617e+03 3.580000000000000071e+00
2.005728421052631575e+03 3.669999999999999929e+00
2.005731160431198532e+03 3.560000000000000053e+00
2.005742117945466134e+03 3.580000000000000071e+00
2.005747596702599822e+03 3.529999999999999805e+00
2.005753075459733736e+03 3.569999999999999840e+00
2.005788687381103273e+03 3.890000000000000124e+00
2.005796905516804145e+03 4.150000000000000355e+00
2.005799644895370875e+03 4.240000000000000213e+00
2.005802384273937832e+03 4.259999999999999787e+00
2.005810602409638477e+03 4.290000000000000036e+00
2.005813341788205435e+03 4.209999999999999964e+00
2.005816081166772392e+03 4.179999999999999716e+00
2.005827038681039994e+03 4.309999999999999609e+00
2.005840735573874554e+03 4.379999999999999893e+00
2.005890044388078650e+03 4.860000000000000320e+00
2.006133849080532627e+03 5.509999999999999787e+00
2.006147545973367187e+03 5.559999999999999609e+00
2.006158503487634789e+03 5.690000000000000391e+00
2.006161242866201746e+03 5.790000000000000036e+00
2.006169461001902391e+03 5.879999999999999893e+00
2.006172200380469349e+03 5.929999999999999716e+00
2.006196854787571283e+03 6.179999999999999716e+00
2.006207812301838885e+03 6.429999999999999716e+00
2.006221509194673445e+03 6.540000000000000036e+00
2.006224248573240402e+03 6.650000000000000355e+00
2.006226987951807132e+03 6.679999999999999716e+00
2.006229727330374089e+03 6.650000000000000355e+00
2.006232466708941047e+03 6.719999999999999751e+00
2.006235206087508004e+03 6.650000000000000355e+00
2.006237945466074734e+03 6.740000000000000213e+00
2.006243424223208649e+03 6.690000000000000391e+00
2.006246163601775606e+03 6.849999999999999645e+00
2.006248902980342336e+03 6.879999999999999893e+00
2.006251642358909294e+03 6.790000000000000036e+00
2.006259860494609939e+03 6.790000000000000036e+00
2.006262599873176896e+03 6.690000000000000391e+00
2.006265339251743853e+03 6.830000000000000071e+00
2.006276296766011455e+03 6.860000000000000320e+00
2.006279036144578413e+03 6.929999999999999716e+00
2.006281775523145143e+03 7.099999999999999645e+00
2.006284514901712100e+03 7.139999999999999680e+00
2.006287254280279058e+03 7.169999999999999929e+00
2.006289993658846015e+03 7.169999999999999929e+00
2.006292733037412745e+03 7.250000000000000000e+00
2.006295472415979702e+03 7.280000000000000249e+00
2.006298211794546660e+03 7.280000000000000249e+00
2.006303690551680347e+03 7.280000000000000249e+00
2.006314648065947949e+03 7.320000000000000284e+00
2.006317387444514907e+03 7.349999999999999645e+00
2.006322866201648594e+03 7.379999999999999893e+00
2.006325605580215552e+03 7.349999999999999645e+00
2.006336563094483154e+03 7.509999999999999787e+00
2.006342041851617068e+03 7.599999999999999645e+00
2.006344781230183798e+03 7.679999999999999716e+00
2.006350259987317713e+03 7.809999999999999609e+00
2.006352999365884671e+03 7.860000000000000320e+00
2.006363956880152273e+03 7.959999999999999964e+00
2.006372175015852918e+03 8.000000000000000000e+00
2.006374914394419875e+03 8.000000000000000000e+00
2.006377653772986605e+03 7.940000000000000391e+00
2.006380393151553562e+03 8.070000000000000284e+00
2.006383132530120520e+03 8.130000000000000782e+00
2.006385871908687477e+03 8.130000000000000782e+00
2.006388611287254207e+03 8.000000000000000000e+00
2.006391350665821165e+03 8.140000000000000568e+00
2.006396829422955079e+03 8.179999999999999716e+00
2.006402308180088767e+03 8.099999999999999645e+00
2.006416005072923326e+03 8.439999999999999503e+00
2.006418744451490284e+03 8.439999999999999503e+00
2.006421483830057014e+03 8.490000000000000213e+00
2.006424223208623971e+03 8.390000000000000568e+00
2.006435180722891573e+03 7.750000000000000000e+00
2.006437920101458531e+03 7.389999999999999680e+00
2.006440659480025261e+03 7.110000000000000320e+00
2.006446138237159175e+03 6.940000000000000391e+00
2.006457095751426777e+03 6.940000000000000391e+00
2.006459835129993735e+03 7.000000000000000000e+00
2.006473532022828067e+03 7.080000000000000071e+00
2.006476271401395024e+03 7.129999999999999893e+00
2.006479010779961982e+03 7.360000000000000320e+00
2.006492707672796541e+03 7.349999999999999645e+00
2.006495447051363271e+03 7.179999999999999716e+00
2.006500925808497186e+03 6.990000000000000213e+00
2.006509143944197831e+03 7.040000000000000036e+00
2.006514622701331746e+03 6.929999999999999716e+00
2.006517362079898476e+03 7.259999999999999787e+00
2.006522840837032390e+03 7.379999999999999893e+00
2.006525580215599348e+03 7.219999999999999751e+00
2.006528319594166078e+03 7.219999999999999751e+00
2.006531058972733035e+03 7.440000000000000391e+00
2.006544755865567595e+03 7.150000000000000355e+00
2.006558452758401927e+03 6.990000000000000213e+00
2.006561192136968884e+03 6.900000000000000355e+00
2.006563931515535842e+03 6.929999999999999716e+00
2.006577628408370401e+03 6.790000000000000036e+00
2.006596804058338648e+03 6.639999999999999680e+00
2.006613240329739938e+03 6.740000000000000213e+00
2.006615979708306895e+03 6.540000000000000036e+00
2.006618719086873853e+03 6.360000000000000320e+00
2.006621458465440810e+03 6.690000000000000391e+00
2.006646112872542744e+03 6.610000000000000320e+00
2.006648852251109702e+03 6.540000000000000036e+00
2.006651591629676659e+03 6.240000000000000213e+00
2.006657070386810346e+03 6.190000000000000391e+00
2.006659809765377304e+03 6.139999999999999680e+00
2.006662549143944261e+03 6.129999999999999893e+00
2.006668027901077949e+03 6.240000000000000213e+00
2.006670767279644906e+03 6.280000000000000249e+00
2.006673506658211863e+03 6.209999999999999964e+00
2.006687203551046196e+03 6.530000000000000249e+00
2.006689942929613153e+03 6.500000000000000000e+00
2.006709118579581400e+03 6.000000000000000000e+00
2.006717336715282272e+03 6.070000000000000284e+00
2.006720076093849002e+03 5.969999999999999751e+00
2.006725554850982917e+03 5.929999999999999716e+00
2.006731033608116604e+03 6.030000000000000249e+00
2.006741991122384206e+03 6.179999999999999716e+00
2.006744730500951164e+03 6.209999999999999964e+00
2.006747469879518121e+03 6.280000000000000249e+00
2.006752948636651809e+03 6.139999999999999680e+00
2.006755688015218766e+03 6.280000000000000249e+00
2.006758427393785723e+03 6.389999999999999680e+00
2.006761166772352681e+03 6.379999999999999893e+00
2.006766645529486368e+03 6.429999999999999716e+00
2.006772124286620055e+03 6.360000000000000320e+00
2.006788560558021572e+03 6.099999999999999645e+00
2.006791299936588530e+03 6.059999999999999609e+00
2.006794039315155260e+03 6.169999999999999929e+00
2.006796778693722217e+03 6.030000000000000249e+00
2.006799518072289175e+03 6.070000000000000284e+00
2.006802257450856132e+03 5.940000000000000391e+00
2.006804996829422862e+03 5.889999999999999680e+00
2.006807736207989819e+03 6.240000000000000213e+00
2.006815954343690464e+03 6.110000000000000320e+00
2.006818693722257422e+03 6.169999999999999929e+00
2.006829651236525024e+03 6.280000000000000249e+00
2.006862523779327830e+03 6.349999999999999645e+00
2.006873481293595432e+03 6.419999999999999929e+00
2.006887178186429992e+03 6.919999999999999929e+00
2.006903614457831281e+03 6.969999999999999751e+00
2.007103589093215078e+03 6.540000000000000036e+00
2.007117285986049410e+03 6.639999999999999680e+00
2.007120025364616367e+03 6.669999999999999929e+00
2.007122764743183325e+03 6.610000000000000320e+00
2.007144679771718529e+03 6.650000000000000355e+00
2.007147419150285259e+03 6.639999999999999680e+00
2.007150158528852216e+03 6.690000000000000391e+00
2.007152897907419174e+03 6.559999999999999609e+00
2.007155637285986131e+03 6.469999999999999751e+00
2.007158376664552861e+03 6.429999999999999716e+00
2.007161116043119819e+03 6.330000000000000071e+00
2.007163855421686776e+03 6.190000000000000391e+00
2.007185770450221980e+03 6.139999999999999680e+00
2.007193988585922625e+03 6.290000000000000036e+00
2.007235079264426076e+03 6.330000000000000071e+00
2.007237818642993034e+03 6.129999999999999893e+00
2.007243297400126721e+03 6.349999999999999645e+00
2.007248776157260636e+03 6.559999999999999609e+00
2.007270691185795840e+03 6.580000000000000071e+00
2.007273430564362798e+03 6.709999999999999964e+00
2.007276169942929528e+03 6.650000000000000355e+00
2.007287127457197130e+03 6.179999999999999716e+00
2.007289866835764087e+03 6.250000000000000000e+00
2.007292606214331045e+03 6.080000000000000071e+00
2.007295345592898002e+03 6.179999999999999716e+00
2.007330957514267538e+03 6.280000000000000249e+00
2.007339175649968183e+03 6.150000000000000355e+00
2.007341915028535141e+03 6.179999999999999716e+00
2.007344654407102098e+03 6.059999999999999609e+00
2.007352872542802743e+03 6.129999999999999893e+00
2.007358351299936658e+03 5.990000000000000213e+00
2.007361090678503388e+03 6.000000000000000000e+00
2.007366569435637302e+03 5.929999999999999716e+00
2.007372048192770990e+03 6.139999999999999680e+00
2.007385745085605549e+03 6.209999999999999964e+00
2.007388484464172507e+03 6.009999999999999787e+00
2.007391223842739464e+03 5.750000000000000000e+00
2.007393963221306194e+03 5.740000000000000213e+00
2.007396702599873151e+03 5.959999999999999964e+00
2.007404920735573796e+03 5.929999999999999716e+00
2.007407660114140754e+03 5.919999999999999929e+00
2.007410399492707711e+03 5.929999999999999716e+00
2.007432314521242915e+03 6.129999999999999893e+00
2.007435053899809873e+03 6.129999999999999893e+00
2.007440532656943560e+03 6.209999999999999964e+00
2.007443272035510518e+03 6.059999999999999609e+00
2.007448750792644205e+03 6.139999999999999680e+00
2.007462447685478764e+03 6.280000000000000249e+00
2.007465187064045722e+03 5.990000000000000213e+00
2.007467926442612452e+03 6.320000000000000284e+00
2.007470665821179409e+03 6.240000000000000213e+00
2.007473405199746367e+03 6.179999999999999716e+00
2.007476144578313324e+03 6.070000000000000284e+00
2.007478883956880054e+03 6.080000000000000071e+00
2.007481623335447011e+03 6.459999999999999964e+00
2.007484362714013969e+03 6.209999999999999964e+00
2.007487102092580926e+03 6.679999999999999716e+00
2.007489841471147656e+03 6.099999999999999645e+00
2.007492580849714614e+03 5.879999999999999893e+00
2.007498059606848528e+03 6.099999999999999645e+00
2.007500798985415258e+03 5.849999999999999645e+00
2.007503538363982216e+03 5.879999999999999893e+00
2.007506277742549173e+03 6.000000000000000000e+00
2.007509017121116131e+03 5.990000000000000213e+00
2.007519974635383733e+03 4.990000000000000213e+00
2.007522714013950463e+03 5.009999999999999787e+00
2.007525453392517420e+03 4.940000000000000391e+00
2.007528192771084377e+03 4.959999999999999964e+00
2.007530932149651335e+03 5.009999999999999787e+00
2.007533671528218065e+03 5.099999999999999645e+00
2.007536410906785022e+03 4.919999999999999929e+00
2.007539150285351980e+03 4.929999999999999716e+00
2.007541889663918937e+03 4.940000000000000391e+00
2.007547368421052624e+03 5.240000000000000213e+00
2.007552847178186539e+03 4.969999999999999751e+00
2.007555586556753269e+03 5.040000000000000036e+00
2.007563804692453914e+03 5.110000000000000320e+00
2.007569283449587829e+03 4.610000000000000320e+00
2.007588459099556076e+03 4.610000000000000320e+00
2.007591198478123033e+03 4.759999999999999787e+00
2.007593937856689990e+03 4.610000000000000320e+00
2.007599416613823678e+03 4.679999999999999716e+00
2.007602155992390635e+03 4.719999999999999751e+00
2.007604895370957593e+03 4.679999999999999716e+00
2.007610374128091280e+03 4.940000000000000391e+00
2.007615852885225195e+03 5.000000000000000000e+00
2.007621331642358882e+03 4.179999999999999716e+00
2.007640507292327129e+03 4.459999999999999964e+00
2.007645986049461044e+03 4.419999999999999929e+00
2.007648725428028001e+03 4.360000000000000320e+00
2.007651464806594731e+03 4.540000000000000036e+00
2.007654204185161689e+03 4.540000000000000036e+00
2.007665161699429291e+03 4.690000000000000391e+00
2.007684337349397538e+03 4.790000000000000036e+00
2.007689816106531453e+03 4.849999999999999645e+00
2.007703512999365785e+03 4.830000000000000071e+00
2.007706252377932742e+03 4.879999999999999893e+00
2.007708991756499699e+03 5.080000000000000071e+00
2.007728167406467946e+03 4.969999999999999751e+00
2.007750082435003151e+03 4.940000000000000391e+00
2.007761039949270753e+03 5.000000000000000000e+00
2.007763779327837710e+03 4.820000000000000284e+00
2.007766518706404668e+03 5.709999999999999964e+00
2.007777476220672270e+03 5.669999999999999929e+00
2.007791173113506602e+03 5.790000000000000036e+00
2.007815827520608764e+03 5.969999999999999751e+00
2.007821306277742451e+03 5.990000000000000213e+00
2.007843221306277655e+03 6.150000000000000355e+00
2.007851439441978528e+03 6.209999999999999964e+00
2.008136334812935957e+03 5.429999999999999716e+00
2.008144552948636601e+03 5.250000000000000000e+00
2.008147292327203559e+03 5.639999999999999680e+00
2.008155510462904203e+03 5.290000000000000036e+00
2.008160989220038118e+03 5.320000000000000284e+00
2.008166467977171806e+03 5.679999999999999716e+00
2.008182904248573323e+03 5.740000000000000213e+00
2.008199340519974612e+03 5.740000000000000213e+00
2.008221255548509816e+03 6.379999999999999893e+00
2.008234952441344376e+03 6.429999999999999716e+00
2.008237691819911333e+03 6.490000000000000213e+00
2.008240431198478063e+03 6.429999999999999716e+00
2.008243170577045021e+03 6.139999999999999680e+00
2.008245909955611978e+03 6.429999999999999716e+00
2.008251388712745666e+03 6.509999999999999787e+00
2.008254128091312623e+03 6.750000000000000000e+00
2.008256867469879580e+03 6.500000000000000000e+00
2.008259606848446310e+03 6.080000000000000071e+00
2.008273303741280870e+03 6.459999999999999964e+00
2.008281521876981515e+03 7.070000000000000284e+00
2.008300697526949989e+03 5.860000000000000320e+00
2.008314394419784321e+03 6.040000000000000036e+00
2.008325351934051923e+03 6.040000000000000036e+00
2.008330830691185838e+03 5.830000000000000071e+00
2.008350006341154085e+03 6.150000000000000355e+00
2.008393836398224494e+03 6.129999999999999893e+00
2.008437666455294902e+03 6.240000000000000213e+00
2.008440405833861860e+03 6.540000000000000036e+00
2.008443145212428590e+03 6.129999999999999893e+00
2.008445884590995547e+03 6.650000000000000355e+00
2.008451363348129462e+03 6.759999999999999787e+00
2.008456842105263149e+03 6.629999999999999893e+00
2.008462320862397064e+03 6.900000000000000355e+00
2.008465060240963794e+03 6.759999999999999787e+00
2.008467799619530751e+03 6.740000000000000213e+00
2.008470538998097709e+03 7.250000000000000000e+00
2.008476017755231396e+03 6.790000000000000036e+00
2.008478757133798354e+03 6.059999999999999609e+00
2.008481496512365311e+03 6.860000000000000320e+00
2.008484235890932041e+03 6.889999999999999680e+00
2.008489714648065956e+03 7.360000000000000320e+00
2.008492454026632913e+03 7.280000000000000249e+00
2.008495193405199643e+03 7.000000000000000000e+00
2.008497932783766601e+03 6.969999999999999751e+00
2.008517108433734847e+03 7.530000000000000249e+00
2.008528065948002450e+03 7.349999999999999645e+00
2.008533544705136364e+03 6.759999999999999787e+00
2.008536284083703322e+03 6.419999999999999929e+00
2.008541762840837009e+03 6.139999999999999680e+00
2.008547241597970924e+03 6.209999999999999964e+00
2.008549980976537654e+03 6.400000000000000355e+00
2.008552720355104611e+03 6.580000000000000071e+00
2.008555459733671569e+03 6.290000000000000036e+00
2.008558199112238526e+03 5.860000000000000320e+00
2.008577374762206773e+03 6.639999999999999680e+00
2.008580114140773730e+03 6.099999999999999645e+00
2.008585592897907418e+03 5.849999999999999645e+00
2.008591071655041105e+03 5.240000000000000213e+00
2.008602029169308707e+03 5.469999999999999751e+00
2.008604768547875665e+03 5.259999999999999787e+00
2.008610247305009580e+03 5.290000000000000036e+00
2.008612986683576310e+03 5.459999999999999964e+00
2.008615726062143267e+03 5.440000000000000391e+00
2.008618465440710224e+03 5.169999999999999929e+00
2.008621204819277182e+03 5.669999999999999929e+00
2.008623944197843912e+03 5.110000000000000320e+00
2.008637641090678471e+03 4.709999999999999964e+00
2.008645859226379116e+03 5.099999999999999645e+00
2.008651337983513031e+03 5.030000000000000249e+00
2.008659556119213676e+03 5.150000000000000355e+00
2.008665034876347590e+03 5.169999999999999929e+00
2.008670513633481278e+03 5.030000000000000249e+00
2.008678731769181923e+03 4.650000000000000355e+00
2.008717083069118644e+03 4.719999999999999751e+00
2.008722561826252331e+03 4.389999999999999680e+00
2.008738998097653848e+03 4.740000000000000213e+00
2.008752694990488180e+03 4.580000000000000071e+00
2.008758173747622095e+03 4.679999999999999716e+00
2.008777349397590342e+03 5.070000000000000284e+00
2.008785567533290987e+03 4.629999999999999893e+00
2.008802003804692504e+03 4.889999999999999680e+00
2.008821179454660751e+03 5.070000000000000284e+00
2.008829397590361395e+03 5.129999999999999893e+00
2.008845833861762912e+03 5.070000000000000284e+00
2.009223868103994846e+03 5.750000000000000000e+00
2.009226607482561803e+03 5.679999999999999716e+00
2.009229346861128761e+03 5.750000000000000000e+00
2.009232086239695718e+03 5.830000000000000071e+00
2.009234825618262448e+03 5.830000000000000071e+00
2.009237564996829406e+03 5.919999999999999929e+00
2.009240304375396363e+03 5.809999999999999609e+00
2.009243043753963320e+03 5.849999999999999645e+00
2.009245783132530050e+03 5.900000000000000355e+00
2.009248522511097008e+03 6.000000000000000000e+00
2.009278655675332857e+03 5.759999999999999787e+00
2.009281395053899814e+03 5.719999999999999751e+00
2.009284134432466772e+03 5.759999999999999787e+00
2.009333443246670868e+03 4.919999999999999929e+00
2.009352618896639115e+03 5.000000000000000000e+00
2.009371794546607589e+03 4.690000000000000391e+00
2.009380012682308234e+03 4.759999999999999787e+00
2.009410145846544083e+03 4.690000000000000391e+00
2.009415624603677770e+03 4.719999999999999751e+00
2.009421103360811685e+03 4.709999999999999964e+00
2.009429321496512330e+03 4.639999999999999680e+00
2.009434800253646245e+03 4.580000000000000071e+00
2.009440279010779932e+03 4.530000000000000249e+00
2.009443018389346889e+03 4.679999999999999716e+00
2.009445757767913847e+03 4.599999999999999645e+00
2.009462194039315136e+03 4.719999999999999751e+00
2.009464933417882094e+03 4.709999999999999964e+00
2.009475890932149696e+03 4.900000000000000355e+00
2.009478630310716653e+03 4.900000000000000355e+00
2.009481369689283383e+03 4.900000000000000355e+00
2.009484109067850341e+03 4.900000000000000355e+00
2.009492327203550985e+03 4.969999999999999751e+00
2.009495066582117943e+03 5.129999999999999893e+00
2.009497805960684900e+03 5.219999999999999751e+00
2.009503284717818588e+03 5.040000000000000036e+00
2.009506024096385545e+03 5.150000000000000355e+00
2.009519720989220104e+03 5.110000000000000320e+00
2.009522460367786834e+03 5.040000000000000036e+00
2.009530678503487707e+03 5.070000000000000284e+00
2.009536157260621394e+03 5.040000000000000036e+00
2.009538896639188351e+03 5.080000000000000071e+00
2.009541636017755309e+03 5.110000000000000320e+00
2.009547114774888996e+03 5.139999999999999680e+00
2.009549854153455954e+03 5.209999999999999964e+00
2.009555332910589641e+03 5.250000000000000000e+00
2.009558072289156598e+03 5.179999999999999716e+00
2.009566290424857243e+03 5.349999999999999645e+00
2.009577247939124845e+03 5.389999999999999680e+00
2.009579987317691803e+03 5.469999999999999751e+00
2.009585466074825717e+03 5.580000000000000071e+00
2.009593684210526362e+03 5.759999999999999787e+00
2.009596423589093320e+03 4.820000000000000284e+00
2.009599162967660050e+03 4.830000000000000071e+00
2.009601902346227007e+03 4.809999999999999609e+00
2.009604641724793964e+03 4.900000000000000355e+00
2.009607381103360922e+03 4.929999999999999716e+00
2.009610120481927652e+03 4.929999999999999716e+00
2.009615599239061567e+03 4.959999999999999964e+00
2.009621077996195254e+03 4.969999999999999751e+00
2.009623817374762211e+03 5.070000000000000284e+00
2.009637514267596771e+03 5.139999999999999680e+00
2.009642993024730458e+03 5.290000000000000036e+00
2.009645732403297416e+03 5.209999999999999964e+00
2.009659429296131975e+03 4.599999999999999645e+00
2.009662168674698705e+03 4.610000000000000320e+00
2.009664908053265663e+03 4.509999999999999787e+00
2.009667647431832620e+03 4.530000000000000249e+00
2.009670386810399577e+03 4.570000000000000284e+00
2.009678604946100222e+03 4.639999999999999680e+00
2.009681344324667180e+03 4.629999999999999893e+00
2.009684083703233910e+03 4.610000000000000320e+00
2.009695041217501512e+03 4.719999999999999751e+00
2.009722435003170631e+03 4.759999999999999787e+00
2.009727913760304318e+03 4.969999999999999751e+00
2.009733392517438233e+03 5.000000000000000000e+00
2.009736131896004963e+03 5.030000000000000249e+00
2.009738871274571920e+03 5.009999999999999787e+00
2.009741610653138878e+03 5.059999999999999609e+00
2.009747089410272565e+03 5.129999999999999893e+00
2.009755307545973437e+03 5.099999999999999645e+00
2.009766265060241039e+03 5.250000000000000000e+00
2.009769004438807769e+03 5.259999999999999787e+00
2.009777222574508642e+03 5.349999999999999645e+00
2.009779961953075372e+03 5.429999999999999716e+00
2.009790919467342974e+03 5.419999999999999929e+00
2.009804616360177533e+03 5.599999999999999645e+00
2.009810095117311448e+03 5.530000000000000249e+00
2.009812834495878178e+03 5.530000000000000249e+00
2.009818313253012093e+03 5.459999999999999964e+00
2.009821052631579050e+03 5.459999999999999964e+00
2.009823792010145780e+03 5.330000000000000071e+00
2.009842967660114027e+03 5.190000000000000391e+00
2.010125123652504726e+03 5.290000000000000036e+00
2.010127863031071684e+03 5.290000000000000036e+00
2.010130602409638641e+03 5.320000000000000284e+00
2.010136081166772328e+03 5.429999999999999716e+00
2.010138820545339286e+03 5.400000000000000355e+00
2.010141559923906243e+03 5.360000000000000320e+00
2.010144299302472973e+03 5.419999999999999929e+00
2.010149778059606888e+03 5.419999999999999929e+00
2.010152517438173845e+03 5.379999999999999893e+00
2.010155256816740575e+03 5.389999999999999680e+00
2.010160735573874490e+03 5.360000000000000320e+00
2.010182650602409694e+03 5.469999999999999751e+00
2.010207305009511629e+03 5.669999999999999929e+00
2.010210044388078586e+03 5.740000000000000213e+00
2.010212783766645543e+03 5.849999999999999645e+00
2.010226480659480103e+03 5.969999999999999751e+00
2.010229220038046833e+03 5.969999999999999751e+00
2.010231959416613790e+03 5.929999999999999716e+00
2.010234698795180748e+03 5.990000000000000213e+00
2.010237438173747705e+03 6.040000000000000036e+00
2.010240177552314435e+03 6.099999999999999645e+00
2.010242916930881393e+03 6.150000000000000355e+00
2.010248395688015307e+03 6.209999999999999964e+00
2.010253874445148995e+03 6.209999999999999964e+00
2.010267571337983554e+03 5.889999999999999680e+00
2.010270310716550512e+03 5.849999999999999645e+00
2.010311401395053963e+03 5.790000000000000036e+00
2.010327837666455252e+03 5.830000000000000071e+00
2.010330577045022210e+03 5.860000000000000320e+00
2.010333316423589167e+03 5.860000000000000320e+00
2.010349752694990457e+03 6.030000000000000249e+00
2.010355231452124372e+03 6.110000000000000320e+00
2.010357970830691102e+03 6.190000000000000391e+00
2.010363449587825016e+03 6.190000000000000391e+00
2.010374407102092619e+03 6.259999999999999787e+00
2.010377146480659576e+03 6.330000000000000071e+00
2.010379885859226306e+03 6.330000000000000071e+00
2.010382625237793263e+03 6.360000000000000320e+00
2.010385364616360221e+03 6.309999999999999609e+00
2.010388103994927178e+03 6.320000000000000284e+00
2.010390843373493908e+03 6.440000000000000391e+00
2.010393582752060865e+03 6.440000000000000391e+00
2.010396322130627823e+03 6.469999999999999751e+00
2.010399061509194780e+03 6.459999999999999964e+00
2.010401800887761510e+03 6.509999999999999787e+00
2.010404540266328468e+03 6.490000000000000213e+00
2.010412758402029112e+03 6.540000000000000036e+00
2.010418237159163027e+03 6.629999999999999893e+00
2.010420976537729757e+03 6.740000000000000213e+00
2.010423715916296715e+03 6.179999999999999716e+00
2.010431934051997359e+03 6.139999999999999680e+00
2.010434673430564317e+03 6.179999999999999716e+00
2.010440152187698232e+03 6.179999999999999716e+00
2.010442891566264962e+03 6.179999999999999716e+00
2.010459327837666478e+03 6.250000000000000000e+00
2.010481242866201683e+03 5.780000000000000249e+00
2.010483982244768640e+03 5.790000000000000036e+00
2.010486721623335370e+03 5.709999999999999964e+00
2.010492200380469285e+03 5.669999999999999929e+00
2.010494939759036242e+03 5.750000000000000000e+00
2.010497679137602972e+03 5.790000000000000036e+00
2.010514115409004489e+03 5.919999999999999929e+00
2.010519594166138177e+03 6.009999999999999787e+00
2.010522333544705134e+03 6.059999999999999609e+00
2.010525072923272091e+03 6.070000000000000284e+00
2.010527812301838821e+03 6.099999999999999645e+00
2.010533291058972736e+03 5.580000000000000071e+00
2.010538769816106424e+03 5.110000000000000320e+00
2.010541509194673381e+03 5.169999999999999929e+00
2.010544248573240338e+03 5.080000000000000071e+00
2.010546987951807296e+03 5.169999999999999929e+00
2.010549727330374026e+03 5.179999999999999716e+00
2.010555206087507941e+03 5.179999999999999716e+00
2.010557945466074898e+03 5.209999999999999964e+00
2.010563424223208585e+03 5.190000000000000391e+00
2.010568902980342500e+03 5.290000000000000036e+00
2.010571642358909230e+03 5.400000000000000355e+00
2.010579860494610102e+03 4.940000000000000391e+00
2.010588078630310747e+03 4.959999999999999964e+00
2.010590818008877704e+03 5.040000000000000036e+00
2.010593557387444434e+03 4.650000000000000355e+00
2.010599036144578349e+03 4.599999999999999645e+00
2.010601775523145307e+03 4.790000000000000036e+00
2.010604514901712037e+03 4.669999999999999929e+00
2.010612733037412909e+03 4.679999999999999716e+00
2.010618211794546596e+03 4.740000000000000213e+00
2.010626429930247241e+03 4.849999999999999645e+00
2.010634648065948113e+03 4.889999999999999680e+00
2.010637387444514843e+03 4.889999999999999680e+00
2.010640126823081800e+03 4.669999999999999929e+00
2.010642866201648758e+03 4.030000000000000249e+00
2.010645605580215488e+03 4.110000000000000320e+00
2.010648344958782445e+03 4.059999999999999609e+00
2.010653823715916360e+03 4.139999999999999680e+00
2.010662041851617005e+03 4.059999999999999609e+00
2.010664781230183962e+03 4.179999999999999716e+00
2.010705871908687413e+03 4.139999999999999680e+00
2.010708611287254371e+03 4.099999999999999645e+00
2.010714090044388058e+03 4.070000000000000284e+00
2.010725047558655660e+03 4.129999999999999893e+00
2.010727786937222618e+03 4.129999999999999893e+00
2.010752441344324779e+03 4.169999999999999929e+00
2.010766138237159112e+03 4.349999999999999645e+00
2.010768877615726069e+03 4.389999999999999680e+00
2.010771616994293026e+03 4.400000000000000355e+00
2.010774356372859756e+03 4.429999999999999716e+00
2.010801750158528876e+03 4.679999999999999716e+00
2.010807228915662563e+03 4.709999999999999964e+00
2.010809968294229520e+03 4.709999999999999964e+00
2.010812707672796478e+03 4.740000000000000213e+00
2.010820925808497122e+03 4.820000000000000284e+00
2.010837362079898639e+03 4.990000000000000213e+00
2.010840101458465369e+03 4.990000000000000213e+00
2.010845580215599284e+03 5.009999999999999787e+00
2.010851058972732972e+03 5.280000000000000249e+00
2.010872974001268176e+03 5.530000000000000249e+00
2.011146911857958230e+03 7.040000000000000036e+00
2.011185263157894724e+03 7.540000000000000036e+00
2.011190741915028639e+03 7.750000000000000000e+00
2.011355104629042444e+03 8.220000000000000639e+00
2.011387977171845250e+03 6.330000000000000071e+00
2.011390716550412208e+03 6.280000000000000249e+00
2.011393455928979165e+03 6.280000000000000249e+00
2.011396195307545895e+03 6.250000000000000000e+00
2.011398934686112852e+03 6.290000000000000036e+00
2.011401674064679810e+03 6.280000000000000249e+00
2.011404413443246767e+03 6.360000000000000320e+00
2.011407152821813497e+03 6.320000000000000284e+00
2.011409892200380455e+03 6.320000000000000284e+00
2.011415370957514369e+03 6.349999999999999645e+00
2.011418110336081099e+03 6.320000000000000284e+00
2.011420849714648057e+03 6.349999999999999645e+00
2.011426328471781972e+03 6.360000000000000320e+00
2.011429067850348702e+03 6.500000000000000000e+00
2.011431807228915659e+03 6.490000000000000213e+00
2.011434546607482616e+03 6.500000000000000000e+00
2.011437285986049574e+03 6.540000000000000036e+00
2.011440025364616304e+03 6.650000000000000355e+00
2.011445504121750218e+03 6.500000000000000000e+00
2.011456461636017821e+03 6.679999999999999716e+00
2.011461940393151508e+03 6.750000000000000000e+00
2.011467419150285423e+03 6.940000000000000391e+00
2.011470158528852153e+03 6.889999999999999680e+00
2.011472897907419110e+03 6.679999999999999716e+00
2.011475637285986068e+03 6.389999999999999680e+00
2.011481116043119755e+03 6.400000000000000355e+00
2.011483855421686712e+03 6.030000000000000249e+00
2.011486594800253670e+03 5.879999999999999893e+00
2.011489334178820627e+03 6.070000000000000284e+00
2.011492073557387357e+03 6.080000000000000071e+00
2.011494812935954315e+03 6.099999999999999645e+00
2.011503031071654959e+03 6.129999999999999893e+00
2.011508509828788874e+03 6.280000000000000249e+00
2.011511249207355831e+03 6.250000000000000000e+00
2.011513988585922561e+03 6.309999999999999609e+00
2.011519467343056476e+03 6.330000000000000071e+00
2.011522206721623434e+03 6.349999999999999645e+00
2.011524946100190164e+03 6.349999999999999645e+00
2.011527685478757121e+03 6.209999999999999964e+00
2.011538642993024723e+03 5.820000000000000284e+00
2.011552339885859283e+03 5.790000000000000036e+00
2.011555079264426240e+03 5.969999999999999751e+00
2.011557818642992970e+03 6.030000000000000249e+00
2.011576994292961217e+03 6.070000000000000284e+00
2.011582473050095132e+03 6.040000000000000036e+00
2.011585212428662089e+03 6.110000000000000320e+00
2.011587951807228819e+03 6.080000000000000071e+00
2.011596169942929691e+03 6.179999999999999716e+00
2.011598909321496421e+03 6.259999999999999787e+00
2.011601648700063379e+03 6.259999999999999787e+00
2.011609866835764024e+03 6.280000000000000249e+00
2.011612606214330981e+03 6.280000000000000249e+00
2.011620824350031626e+03 5.990000000000000213e+00
2.011623563728598583e+03 5.639999999999999680e+00
2.011626303107165540e+03 5.209999999999999964e+00
2.011629042485732498e+03 5.209999999999999964e+00
2.011631781864299228e+03 5.150000000000000355e+00
2.011634521242866185e+03 5.190000000000000391e+00
2.011640000000000100e+03 5.280000000000000249e+00
2.011642739378566830e+03 5.259999999999999787e+00
2.011645478757133787e+03 5.259999999999999787e+00
2.011648218135700745e+03 5.259999999999999787e+00
2.011653696892834432e+03 5.389999999999999680e+00
2.011659175649968347e+03 5.379999999999999893e+00
2.011689308814204196e+03 5.580000000000000071e+00
2.011694787571337883e+03 5.750000000000000000e+00
2.011697526949904841e+03 5.860000000000000320e+00
2.011703005707038756e+03 5.809999999999999609e+00
2.011722181357007003e+03 5.929999999999999716e+00
2.011733138871274605e+03 5.889999999999999680e+00
2.011738617628408292e+03 5.750000000000000000e+00
2.011749575142675894e+03 5.690000000000000391e+00
2.011752314521242852e+03 5.709999999999999964e+00
2.011755053899809809e+03 5.830000000000000071e+00
2.011763272035510454e+03 5.849999999999999645e+00
2.011766011414077411e+03 5.900000000000000355e+00
2.011771490171211099e+03 5.940000000000000391e+00
2.011774229549778056e+03 5.990000000000000213e+00
2.011776968928345013e+03 5.969999999999999751e+00
2.011796144578313260e+03 5.650000000000000355e+00
2.011809841471147820e+03 5.469999999999999751e+00
2.011820798985415422e+03 5.509999999999999787e+00
2.012133088142041743e+03 5.559999999999999609e+00
2.012138566899175657e+03 5.490000000000000213e+00
2.012157742549143904e+03 5.280000000000000249e+00
2.012163221306277819e+03 5.240000000000000213e+00
2.012176918199112151e+03 5.280000000000000249e+00
2.012185136334813023e+03 5.309999999999999609e+00
2.012190615091946711e+03 5.099999999999999645e+00
2.012209790741914958e+03 5.360000000000000320e+00
2.012223487634749517e+03 5.599999999999999645e+00
2.012226227013316475e+03 5.610000000000000320e+00
2.012239923906150807e+03 5.849999999999999645e+00
2.012242663284717764e+03 5.900000000000000355e+00
2.012250881420418409e+03 5.940000000000000391e+00
2.012305668991756420e+03 5.559999999999999609e+00
2.012308408370323377e+03 5.459999999999999964e+00
2.012311147748890335e+03 5.459999999999999964e+00
2.012316626506024022e+03 5.509999999999999787e+00
2.012338541534559226e+03 5.490000000000000213e+00
2.012341280913126184e+03 5.509999999999999787e+00
2.012371414077362033e+03 5.750000000000000000e+00
2.012382371591629635e+03 5.830000000000000071e+00
2.012385110970196592e+03 5.919999999999999929e+00
2.012387850348763550e+03 5.940000000000000391e+00
2.012390589727330280e+03 5.929999999999999716e+00
2.012404286620164839e+03 6.030000000000000249e+00
2.012409765377298754e+03 5.969999999999999751e+00
2.012412504755865484e+03 5.990000000000000213e+00
2.012415244134432442e+03 5.900000000000000355e+00
2.012417983512999399e+03 5.969999999999999751e+00
2.012420722891566356e+03 5.889999999999999680e+00
2.012423462270133086e+03 5.990000000000000213e+00
2.012426201648700044e+03 5.889999999999999680e+00
2.012428941027267001e+03 5.940000000000000391e+00
2.012431680405833959e+03 6.040000000000000036e+00
2.012434419784400689e+03 6.070000000000000284e+00
2.012448116677235248e+03 6.080000000000000071e+00
2.012453595434369163e+03 6.129999999999999893e+00
2.012456334812935893e+03 6.190000000000000391e+00
2.012459074191502850e+03 6.190000000000000391e+00
2.012461813570069808e+03 6.259999999999999787e+00
2.012464552948636538e+03 6.250000000000000000e+00
2.012467292327203495e+03 6.320000000000000284e+00
2.012470031705770452e+03 6.240000000000000213e+00
2.012472771084337410e+03 6.290000000000000036e+00
2.012475510462904140e+03 6.389999999999999680e+00
2.012478249841471097e+03 6.280000000000000249e+00
2.012480989220038055e+03 6.309999999999999609e+00
2.012483728598605012e+03 6.320000000000000284e+00
2.012486467977171742e+03 6.330000000000000071e+00
2.012489207355738699e+03 6.280000000000000249e+00
2.012494686112872614e+03 6.259999999999999787e+00
2.012500164870006301e+03 6.469999999999999751e+00
2.012502904248573259e+03 6.469999999999999751e+00
2.012511122384273904e+03 6.419999999999999929e+00
2.012513861762840861e+03 6.190000000000000391e+00
2.012522079898541506e+03 5.790000000000000036e+00
2.012530298034242151e+03 5.820000000000000284e+00
2.012533037412809108e+03 5.860000000000000320e+00
2.012535776791376065e+03 5.400000000000000355e+00
2.012538516169943023e+03 5.330000000000000071e+00
2.012541255548509753e+03 5.360000000000000320e+00
2.012543994927076710e+03 5.379999999999999893e+00
2.012546734305643668e+03 5.440000000000000391e+00
2.012549473684210625e+03 5.500000000000000000e+00
2.012560431198478227e+03 5.490000000000000213e+00
2.012563170577044957e+03 5.610000000000000320e+00
2.012565909955611914e+03 5.500000000000000000e+00
2.012568649334178872e+03 5.379999999999999893e+00
2.012571388712745829e+03 5.150000000000000355e+00
2.012587824984147119e+03 5.290000000000000036e+00
2.012590564362714076e+03 5.320000000000000284e+00
2.012593303741280806e+03 5.389999999999999680e+00
2.012596043119847764e+03 5.320000000000000284e+00
2.012598782498414721e+03 5.389999999999999680e+00
2.012601521876981678e+03 5.379999999999999893e+00
2.012607000634115366e+03 5.540000000000000036e+00
2.012623436905516883e+03 5.440000000000000391e+00
2.012626176284083613e+03 5.400000000000000355e+00
2.012628915662650570e+03 5.440000000000000391e+00
2.012631655041217527e+03 5.559999999999999609e+00
2.012637133798351215e+03 5.629999999999999893e+00
2.012639873176918172e+03 5.570000000000000284e+00
2.012642612555485130e+03 5.580000000000000071e+00
2.012645351934052087e+03 5.530000000000000249e+00
2.012653570069752732e+03 4.969999999999999751e+00
2.012656309448319689e+03 5.030000000000000249e+00
2.012659048826886419e+03 4.959999999999999964e+00
2.012661788205453377e+03 4.889999999999999680e+00
2.012664527584020334e+03 4.889999999999999680e+00
2.012672745719720979e+03 5.059999999999999609e+00
2.012680963855421624e+03 5.080000000000000071e+00
2.012683703233988581e+03 5.070000000000000284e+00
2.012686442612555538e+03 5.099999999999999645e+00
2.012689181991122496e+03 5.040000000000000036e+00
2.012691921369689226e+03 5.070000000000000284e+00
2.012694660748256183e+03 5.209999999999999964e+00
2.012697400126823140e+03 5.070000000000000284e+00
2.012708357641090743e+03 5.150000000000000355e+00
2.012711097019657473e+03 5.179999999999999716e+00
2.012713836398224430e+03 5.139999999999999680e+00
2.012716575776791387e+03 5.190000000000000391e+00
2.012719315155358345e+03 5.290000000000000036e+00
2.012722054533925075e+03 5.290000000000000036e+00
2.012733012048192677e+03 5.419999999999999929e+00
2.012735751426759634e+03 5.379999999999999893e+00
2.012738490805326592e+03 5.570000000000000284e+00
2.012746708941027237e+03 4.570000000000000284e+00
2.012754927076727881e+03 4.570000000000000284e+00
2.012757666455294839e+03 4.559999999999999609e+00
2.012760405833861796e+03 4.669999999999999929e+00
2.012771363348129398e+03 4.599999999999999645e+00
2.013135700697527000e+03 6.440000000000000391e+00
2.013141179454660687e+03 6.459999999999999964e+00
2.013163094483195891e+03 6.639999999999999680e+00
2.013168573240329806e+03 6.959999999999999964e+00
2.013171312618896536e+03 6.940000000000000391e+00
2.013204185161699343e+03 5.490000000000000213e+00
2.013209663918833257e+03 5.509999999999999787e+00
2.013212403297400215e+03 5.540000000000000036e+00
2.013215142675966945e+03 5.540000000000000036e+00
2.013223360811667817e+03 5.639999999999999680e+00
2.013237057704502149e+03 5.690000000000000391e+00
2.013239797083069107e+03 5.709999999999999964e+00
2.013242536461636064e+03 5.740000000000000213e+00
2.013248015218769751e+03 5.790000000000000036e+00
2.013261712111604311e+03 5.809999999999999609e+00
2.013267190868737998e+03 6.009999999999999787e+00
2.013275409004438870e+03 5.990000000000000213e+00
2.013280887761572558e+03 5.889999999999999680e+00
2.013283627140139515e+03 5.929999999999999716e+00
2.013286366518706473e+03 5.969999999999999751e+00
2.013289105897273203e+03 5.830000000000000071e+00
2.013291845275840160e+03 5.780000000000000249e+00
2.013297324032974075e+03 5.780000000000000249e+00
2.013316499682942322e+03 5.780000000000000249e+00
2.013327457197209924e+03 5.719999999999999751e+00
2.013330196575776881e+03 5.629999999999999893e+00
2.013332935954343611e+03 5.459999999999999964e+00
2.013335675332910569e+03 5.459999999999999964e+00
2.013341154090044483e+03 5.459999999999999964e+00
2.013343893468611213e+03 5.419999999999999929e+00
2.013374026632847290e+03 5.400000000000000355e+00
2.013387723525681622e+03 5.459999999999999964e+00
2.013390462904248579e+03 5.440000000000000391e+00
2.013393202282815537e+03 5.459999999999999964e+00
2.013398681039949224e+03 5.360000000000000320e+00
2.013406899175649869e+03 5.360000000000000320e+00
2.013409638554216826e+03 5.179999999999999716e+00
2.013431553582752031e+03 5.219999999999999751e+00
2.013434292961318988e+03 5.250000000000000000e+00
2.013453468611287235e+03 5.349999999999999645e+00
2.013456207989854192e+03 5.419999999999999929e+00
2.013461686746987880e+03 5.490000000000000213e+00
2.013469904882688752e+03 5.669999999999999929e+00
2.013472644261255482e+03 5.599999999999999645e+00
2.013475383639822439e+03 5.559999999999999609e+00
2.013478123018389397e+03 5.440000000000000391e+00
2.013489080532656999e+03 5.320000000000000284e+00
2.013491819911223956e+03 5.150000000000000355e+00
2.013494559289790686e+03 5.219999999999999751e+00
2.013497298668357644e+03 5.169999999999999929e+00
2.013500038046924601e+03 5.169999999999999929e+00
2.013502777425491331e+03 5.110000000000000320e+00
2.013505516804058288e+03 5.139999999999999680e+00
2.013510995561192203e+03 5.259999999999999787e+00
2.013513734939758933e+03 5.309999999999999609e+00
2.013516474318325891e+03 5.309999999999999609e+00
2.013519213696892848e+03 5.379999999999999893e+00
2.013521953075459805e+03 5.360000000000000320e+00
2.013530171211160450e+03 5.440000000000000391e+00
2.013532910589727408e+03 5.419999999999999929e+00
2.013538389346861095e+03 5.530000000000000249e+00
2.013554825618262612e+03 5.509999999999999787e+00
2.013557564996829342e+03 5.610000000000000320e+00
2.013560304375396299e+03 5.570000000000000284e+00
2.013563043753963257e+03 5.679999999999999716e+00
2.013565783132530214e+03 5.679999999999999716e+00
2.013568522511096944e+03 4.929999999999999716e+00
2.013582219403931504e+03 4.969999999999999751e+00
2.013587698161065418e+03 4.559999999999999609e+00
2.013590437539632148e+03 4.440000000000000391e+00
2.013593176918199106e+03 4.320000000000000284e+00
2.013595916296766063e+03 4.379999999999999893e+00
2.013598655675333021e+03 4.379999999999999893e+00
2.013609613189600395e+03 4.330000000000000071e+00
2.013612352568167353e+03 4.379999999999999893e+00
2.013615091946734310e+03 4.379999999999999893e+00
2.013617831325301267e+03 4.379999999999999893e+00
2.013631528218135600e+03 4.129999999999999893e+00
2.013637006975269514e+03 4.099999999999999645e+00
2.013639746353836472e+03 4.129999999999999893e+00
2.013647964489537117e+03 4.250000000000000000e+00
2.013653443246670804e+03 4.280000000000000249e+00
2.013658922003804719e+03 4.419999999999999929e+00
2.013664400760938406e+03 4.469999999999999751e+00
2.013667140139505364e+03 4.500000000000000000e+00
2.013675358275206008e+03 4.429999999999999716e+00
2.013678097653772966e+03 4.440000000000000391e+00
2.013680837032339923e+03 4.559999999999999609e+00
2.013694533925174483e+03 4.650000000000000355e+00
2.013700012682308170e+03 4.750000000000000000e+00
2.013705491439442085e+03 4.860000000000000320e+00
2.013708230818008815e+03 4.919999999999999929e+00
2.013710970196575772e+03 4.940000000000000391e+00
2.013724667089410332e+03 4.889999999999999680e+00
2.013727406467977062e+03 4.919999999999999929e+00
2.013730145846544019e+03 4.919999999999999929e+00
2.013741103360811621e+03 5.040000000000000036e+00
2.013743842739378579e+03 5.099999999999999645e+00
2.013749321496512266e+03 5.150000000000000355e+00
2.013752060875079223e+03 5.139999999999999680e+00
2.013754800253646181e+03 5.209999999999999964e+00
2.013773975903614428e+03 5.389999999999999680e+00
2.013793151553582675e+03 5.580000000000000071e+00
2.013795890932149632e+03 5.559999999999999609e+00
2.013801369689283547e+03 5.809999999999999609e+00
2.013804109067850277e+03 5.790000000000000036e+00
2.013806848446417234e+03 5.080000000000000071e+00
2.013809587824984192e+03 5.219999999999999751e+00
2.013812327203551149e+03 5.309999999999999609e+00
2.013815066582117879e+03 5.330000000000000071e+00
2.013817805960684836e+03 5.719999999999999751e+00
2.013820545339251794e+03 5.679999999999999716e+00
2.013823284717818751e+03 5.690000000000000391e+00
2.013828763474952439e+03 5.709999999999999964e+00
2.013834242232086126e+03 5.759999999999999787e+00
2.013836981610653083e+03 5.860000000000000320e+00
2.013850678503487643e+03 5.889999999999999680e+00
2.013867114774888933e+03 5.929999999999999716e+00
2.013872593532022847e+03 6.240000000000000213e+00
2.014006823081800803e+03 6.240000000000000213e+00
2.014009562460367761e+03 6.179999999999999716e+00
2.014020519974635363e+03 6.440000000000000391e+00
2.014023259353202320e+03 6.469999999999999751e+00
2.014036956246036880e+03 5.059999999999999609e+00
2.014039695624603610e+03 5.059999999999999609e+00
2.014042435003170567e+03 6.639999999999999680e+00
2.014047913760304482e+03 6.750000000000000000e+00
2.014058871274572084e+03 6.780000000000000249e+00
2.014075307545973374e+03 7.040000000000000036e+00
2.014094483195941621e+03 7.259999999999999787e+00
2.014105440710209223e+03 6.080000000000000071e+00
2.014110919467343138e+03 5.580000000000000071e+00
2.014113658845909868e+03 5.580000000000000071e+00
2.014119137603043782e+03 7.169999999999999929e+00
2.014149270767279631e+03 7.530000000000000249e+00
2.014152010145846589e+03 7.509999999999999787e+00
2.014154749524413546e+03 7.570000000000000284e+00
2.014157488902980276e+03 7.719999999999999751e+00
2.014179403931515481e+03 6.360000000000000320e+00
2.014187622067216125e+03 7.379999999999999893e+00
2.014198579581483727e+03 8.039999999999999147e+00
2.014212276474318287e+03 8.400000000000000355e+00
2.014261585288522610e+03 5.900000000000000355e+00
2.014286239695624545e+03 6.309999999999999609e+00
2.014288979074191502e+03 6.190000000000000391e+00
2.014291718452758460e+03 6.250000000000000000e+00
2.014299936588459104e+03 6.259999999999999787e+00
2.014316372859860394e+03 5.959999999999999964e+00
2.014335548509828868e+03 6.240000000000000213e+00
2.014360202916930803e+03 6.440000000000000391e+00
2.014362942295497760e+03 6.719999999999999751e+00
2.014368421052631675e+03 6.690000000000000391e+00
2.014371160431198405e+03 6.540000000000000036e+00
2.014373899809765362e+03 6.889999999999999680e+00
2.014379378566899277e+03 6.940000000000000391e+00
2.014384857324032964e+03 6.709999999999999964e+00
2.014406772352568169e+03 6.419999999999999929e+00
2.014412251109701856e+03 6.530000000000000249e+00
2.014414990488268813e+03 6.070000000000000284e+00
2.014417729866835771e+03 6.240000000000000213e+00
2.014423208623969458e+03 6.400000000000000355e+00
2.014425948002536416e+03 6.429999999999999716e+00
2.014428687381103373e+03 6.469999999999999751e+00
2.014431426759670330e+03 6.500000000000000000e+00
2.014439644895370975e+03 6.500000000000000000e+00
2.014445123652504662e+03 6.309999999999999609e+00
2.014447863031071620e+03 6.110000000000000320e+00
2.014458820545339222e+03 5.879999999999999893e+00
2.014461559923906179e+03 6.169999999999999929e+00
2.014464299302473137e+03 6.570000000000000284e+00
2.014472517438173782e+03 6.400000000000000355e+00
2.014475256816740739e+03 6.599999999999999645e+00
2.014477996195307469e+03 6.570000000000000284e+00
2.014494432466708986e+03 6.540000000000000036e+00
2.014505389980976588e+03 5.809999999999999609e+00
2.014508129359543545e+03 5.400000000000000355e+00
2.014510868738110275e+03 5.650000000000000355e+00
2.014513608116677233e+03 5.679999999999999716e+00
2.014516347495244190e+03 5.679999999999999716e+00
2.014519086873810920e+03 5.750000000000000000e+00
2.014521826252377878e+03 5.610000000000000320e+00
2.014527305009511792e+03 5.719999999999999751e+00
2.014530044388078522e+03 5.820000000000000284e+00
2.014532783766645480e+03 6.000000000000000000e+00
2.014535523145212437e+03 6.209999999999999964e+00
2.014538262523779395e+03 6.000000000000000000e+00
2.014541001902346125e+03 6.219999999999999751e+00
2.014543741280913082e+03 6.349999999999999645e+00
2.014557438173747641e+03 5.429999999999999716e+00
2.014560177552314599e+03 5.349999999999999645e+00
2.014562916930881329e+03 5.440000000000000391e+00
2.014565656309448286e+03 5.169999999999999929e+00
2.014568395688015244e+03 5.419999999999999929e+00
2.014571135066582201e+03 5.389999999999999680e+00
2.014573874445148931e+03 5.599999999999999645e+00
2.014576613823715888e+03 5.559999999999999609e+00
2.014579353202282846e+03 5.599999999999999645e+00
2.014582092580849803e+03 5.509999999999999787e+00
2.014584831959416533e+03 5.570000000000000284e+00
2.014590310716550448e+03 5.580000000000000071e+00
2.014595789473684135e+03 5.349999999999999645e+00
2.014598528852251093e+03 5.500000000000000000e+00
2.014604007609385008e+03 5.639999999999999680e+00
2.014606746987951738e+03 5.509999999999999787e+00
2.014609486366518695e+03 5.469999999999999751e+00
2.014612225745085652e+03 5.540000000000000036e+00
2.014617704502219340e+03 5.530000000000000249e+00
2.014620443880786297e+03 5.440000000000000391e+00
2.014623183259353254e+03 5.280000000000000249e+00
2.014625922637920212e+03 5.459999999999999964e+00
2.014628662016486942e+03 5.429999999999999716e+00
2.014631401395053899e+03 5.400000000000000355e+00
2.014634140773620857e+03 5.440000000000000391e+00
2.014642358909321501e+03 4.990000000000000213e+00
2.014645098287888459e+03 5.179999999999999716e+00
2.014647837666455189e+03 5.209999999999999964e+00
2.014653316423589104e+03 5.320000000000000284e+00
2.014656055802156061e+03 5.400000000000000355e+00
2.014680710209257995e+03 4.709999999999999964e+00
2.014686188966391910e+03 4.900000000000000355e+00
2.014688928344958867e+03 4.919999999999999929e+00
2.014694407102092555e+03 4.990000000000000213e+00
2.014697146480659512e+03 5.070000000000000284e+00
2.014713582752060802e+03 5.209999999999999964e+00
2.014716322130627759e+03 5.150000000000000355e+00
2.014757412809131210e+03 5.459999999999999964e+00
2.014762891566265125e+03 5.419999999999999929e+00
2.014806721623335534e+03 5.240000000000000213e+00
2.014809461001902264e+03 5.330000000000000071e+00
2.014820418516169866e+03 5.540000000000000036e+00
2.014825897273303781e+03 5.559999999999999609e+00
2.014836854787571383e+03 5.669999999999999929e+00
2.014853291058972673e+03 5.759999999999999787e+00
2.014864248573240275e+03 5.669999999999999929e+00
2.014869727330374189e+03 5.679999999999999716e+00
2.014921775523145243e+03 5.580000000000000071e+00
2.014927254280278930e+03 5.219999999999999751e+00
2.014929993658845888e+03 5.629999999999999893e+00
2.014946429930247405e+03 5.509999999999999787e+00
2.014949169308814135e+03 5.419999999999999929e+00
2.014957387444515007e+03 5.429999999999999716e+00
2.014968344958782609e+03 5.429999999999999716e+00
2.014982041851616941e+03 5.490000000000000213e+00
2.014987520608750856e+03 5.599999999999999645e+00
2.014990259987317586e+03 5.629999999999999893e+00
2.015009435637286060e+03 4.570000000000000284e+00
2.015012175015852790e+03 4.400000000000000355e+00
2.015014914394419748e+03 4.400000000000000355e+00
2.015017653772986705e+03 4.500000000000000000e+00
2.015023132530120392e+03 4.500000000000000000e+00
2.015028611287254307e+03 4.629999999999999893e+00
2.015034090044387995e+03 4.580000000000000071e+00
2.015036829422954952e+03 4.580000000000000071e+00
2.015045047558655597e+03 4.610000000000000320e+00
2.015047786937222554e+03 4.150000000000000355e+00
2.015069701965757758e+03 4.129999999999999893e+00
2.015075180722891673e+03 3.930000000000000160e+00
2.015086138237159275e+03 3.680000000000000160e+00
2.015102574508560565e+03 3.759999999999999787e+00
2.015105313887127522e+03 3.609999999999999876e+00
2.015108053265694252e+03 3.740000000000000213e+00
2.015113532022828167e+03 3.669999999999999929e+00
2.015135447051363371e+03 3.720000000000000195e+00
2.015146404565630974e+03 3.629999999999999893e+00
2.015149143944197931e+03 3.629999999999999893e+00
2.015154622701331618e+03 3.430000000000000160e+00
2.015160101458465533e+03 3.419999999999999929e+00
2.015162840837032263e+03 3.359999999999999876e+00
2.015165580215599221e+03 3.490000000000000213e+00
2.015168319594166178e+03 3.419999999999999929e+00
2.015171058972733135e+03 3.509999999999999787e+00
2.015176537729866823e+03 3.390000000000000124e+00
2.015179277108433780e+03 3.560000000000000053e+00
2.015182016487000737e+03 3.500000000000000000e+00
2.015187495244134425e+03 3.600000000000000089e+00
2.015192974001268340e+03 3.649999999999999911e+00
2.015195713379835070e+03 3.600000000000000089e+00
2.015198452758402027e+03 3.720000000000000195e+00
2.015201192136968984e+03 3.629999999999999893e+00
2.015206670894102672e+03 3.709999999999999964e+00
2.015209410272669629e+03 3.649999999999999911e+00
2.015212149651236587e+03 3.759999999999999787e+00
2.015214889029803317e+03 3.709999999999999964e+00
2.015220367786937231e+03 3.779999999999999805e+00
2.015225846544070919e+03 3.850000000000000089e+00
2.015228585922637876e+03 3.830000000000000071e+00
2.015231325301204834e+03 3.740000000000000213e+00
2.015239543436905478e+03 3.600000000000000089e+00
2.015245022194039393e+03 3.399999999999999911e+00
2.015247761572606123e+03 3.350000000000000089e+00
2.015253240329740038e+03 3.399999999999999911e+00
2.015258719086873725e+03 3.470000000000000195e+00
2.015261458465440683e+03 3.419999999999999929e+00
2.015264197844007640e+03 3.509999999999999787e+00
2.015266937222574597e+03 3.459999999999999964e+00
2.015272415979708285e+03 3.569999999999999840e+00
2.015275155358275242e+03 3.439999999999999947e+00
2.015277894736842200e+03 3.609999999999999876e+00
2.015280634115408930e+03 3.580000000000000071e+00
2.015286112872542844e+03 3.580000000000000071e+00
2.015291591629676532e+03 3.580000000000000071e+00
2.015294331008243489e+03 3.569999999999999840e+00
2.015297070386810447e+03 3.609999999999999876e+00
2.015299809765377404e+03 3.649999999999999911e+00
2.015305288522511091e+03 3.720000000000000195e+00
2.015308027901078049e+03 3.540000000000000036e+00
2.015310767279645006e+03 3.680000000000000160e+00
2.015313506658211736e+03 3.640000000000000124e+00
2.015318985415345651e+03 3.390000000000000124e+00
2.015324464172479338e+03 3.189999999999999947e+00
2.015327203551046296e+03 3.169999999999999929e+00
2.015329942929613253e+03 3.220000000000000195e+00
2.015332682308179983e+03 3.240000000000000213e+00
2.015335421686746940e+03 3.189999999999999947e+00
2.015340900443880855e+03 3.180000000000000160e+00
2.015343639822447585e+03 3.180000000000000160e+00
2.015346379201014543e+03 3.180000000000000160e+00
2.015349118579581500e+03 3.180000000000000160e+00
2.015351857958148457e+03 3.220000000000000195e+00
2.015357336715282145e+03 3.220000000000000195e+00
2.015362815472416059e+03 3.250000000000000000e+00
2.015365554850982790e+03 3.250000000000000000e+00
2.015371033608116704e+03 3.259999999999999787e+00
2.015373772986683662e+03 3.250000000000000000e+00
2.015376512365250392e+03 3.310000000000000053e+00
2.015379251743817349e+03 3.319999999999999840e+00
2.015384730500951264e+03 3.310000000000000053e+00
2.015390209258084951e+03 3.319999999999999840e+00
2.015392948636651909e+03 3.100000000000000089e+00
2.015398427393785596e+03 3.149999999999999911e+00
2.015406645529486468e+03 3.149999999999999911e+00
2.015409384908053198e+03 3.240000000000000213e+00
2.015417603043754070e+03 3.250000000000000000e+00
2.015423081800887758e+03 3.259999999999999787e+00
2.015428560558021672e+03 3.259999999999999787e+00
2.015431299936588402e+03 3.330000000000000071e+00
2.015436778693722317e+03 3.209999999999999964e+00
2.015442257450856005e+03 3.240000000000000213e+00
2.015450475586556649e+03 3.259999999999999787e+00
2.015455954343690564e+03 3.279999999999999805e+00
2.015461433100824252e+03 3.350000000000000089e+00
2.015469651236525124e+03 3.390000000000000124e+00
2.015472390615091854e+03 3.290000000000000036e+00
2.015475129993658811e+03 3.439999999999999947e+00
2.015477869372225769e+03 3.439999999999999947e+00
2.015480608750792726e+03 3.470000000000000195e+00
2.015488826886493371e+03 3.459999999999999964e+00
2.015491566265060328e+03 3.439999999999999947e+00
2.015497045022194015e+03 3.430000000000000160e+00
2.015499784400760973e+03 3.640000000000000124e+00
2.015502523779327930e+03 3.609999999999999876e+00
2.015505263157894660e+03 3.509999999999999787e+00
2.015518960050729220e+03 3.399999999999999911e+00
2.015524438807863135e+03 3.379999999999999893e+00
2.015527178186429865e+03 3.470000000000000195e+00
2.015529917564996822e+03 3.419999999999999929e+00
2.015535396322130737e+03 3.529999999999999805e+00
2.015538135700697467e+03 3.459999999999999964e+00
2.015540875079264424e+03 2.810000000000000053e+00
2.015543614457831382e+03 2.759999999999999787e+00
2.015549093214965069e+03 2.850000000000000089e+00
2.015554571972098984e+03 2.890000000000000124e+00
2.015557311350665714e+03 2.759999999999999787e+00
2.015560050729232671e+03 2.939999999999999947e+00
2.015562790107799628e+03 2.859999999999999876e+00
2.015568268864933316e+03 2.959999999999999964e+00
2.015571008243500273e+03 2.850000000000000089e+00
2.015581965757767875e+03 3.109999999999999876e+00
2.015587444514901790e+03 3.080000000000000071e+00
2.015590183893468520e+03 3.060000000000000053e+00
2.015603880786303080e+03 2.689999999999999947e+00
2.015606620164870037e+03 2.959999999999999964e+00
2.015612098922003725e+03 3.000000000000000000e+00
2.015614838300570682e+03 3.069999999999999840e+00
2.015620317057704597e+03 3.140000000000000124e+00
2.015623056436271327e+03 2.939999999999999947e+00
2.015625795814838284e+03 3.180000000000000160e+00
2.015628535193405241e+03 3.100000000000000089e+00
2.015631274571972199e+03 3.180000000000000160e+00
2.015639492707672844e+03 3.180000000000000160e+00
2.015647710843373488e+03 2.750000000000000000e+00
2.015653189600507403e+03 2.779999999999999805e+00
2.015655928979074133e+03 2.569999999999999840e+00
2.015661407736208048e+03 2.680000000000000160e+00
2.015669625871908693e+03 2.680000000000000160e+00
2.015672365250475650e+03 2.990000000000000213e+00
2.015686062143309982e+03 3.000000000000000000e+00
2.015688801521876940e+03 2.990000000000000213e+00
2.015691540900443897e+03 3.129999999999999893e+00
2.015694280279010854e+03 3.000000000000000000e+00
2.015699759036144542e+03 3.140000000000000124e+00
2.015705237793278457e+03 3.149999999999999911e+00
2.015713455928979101e+03 3.169999999999999929e+00
2.015718934686112789e+03 3.240000000000000213e+00
2.015721674064679746e+03 3.169999999999999929e+00
2.015724413443246704e+03 3.310000000000000053e+00
2.015732631578947348e+03 3.379999999999999893e+00
2.015738110336081263e+03 3.419999999999999929e+00
2.015746328471781908e+03 3.419999999999999929e+00
2.015751807228915595e+03 3.439999999999999947e+00
2.015754546607482553e+03 3.430000000000000160e+00
2.015760025364616467e+03 3.430000000000000160e+00
2.015762764743183197e+03 3.560000000000000053e+00
2.015765504121750155e+03 3.580000000000000071e+00
2.015770982878884070e+03 3.600000000000000089e+00
2.015779201014584714e+03 3.600000000000000089e+00
2.015781940393151444e+03 3.680000000000000160e+00
2.015784679771718402e+03 2.990000000000000213e+00
2.015787419150285359e+03 2.939999999999999947e+00
2.015790158528852317e+03 3.029999999999999805e+00
2.015798376664552961e+03 3.040000000000000036e+00
2.015806594800253606e+03 3.069999999999999840e+00
2.015812073557387521e+03 3.129999999999999893e+00
2.015817552314521208e+03 3.180000000000000160e+00
2.015823031071655123e+03 3.250000000000000000e+00
2.015831249207355768e+03 3.279999999999999805e+00
2.015836727964489455e+03 3.209999999999999964e+00
2.015844946100190327e+03 3.259999999999999787e+00
2.015864121750158574e+03 3.330000000000000071e+00
2.015869600507292262e+03 3.430000000000000160e+00
2.015877818642993134e+03 3.490000000000000213e+00
2.015883297400126821e+03 3.490000000000000213e+00
2.015888776157260509e+03 3.500000000000000000e+00
2.015891515535827466e+03 3.500000000000000000e+00
2.015896994292961381e+03 3.609999999999999876e+00
2.015902473050095068e+03 3.600000000000000089e+00
2.015910691185795713e+03 3.600000000000000089e+00
2.015916169942929628e+03 3.629999999999999893e+00
2.015921648700063315e+03 3.649999999999999911e+00
2.015924388078630273e+03 3.709999999999999964e+00
2.015932606214330917e+03 3.709999999999999964e+00
2.015935345592897875e+03 3.709999999999999964e+00
2.015943563728598519e+03 3.879999999999999893e+00
2.015949042485732434e+03 3.890000000000000124e+00
2.015951781864299392e+03 3.830000000000000071e+00
2.015954521242866122e+03 3.879999999999999893e+00
2.015957260621433079e+03 3.879999999999999893e+00
2.015962739378566994e+03 3.879999999999999893e+00
2.015968218135700681e+03 3.970000000000000195e+00
2.015979175649968283e+03 3.990000000000000213e+00
2.015987393785668928e+03 4.040000000000000036e+00
2.015998351299936530e+03 4.129999999999999893e+00
2.016003830057070445e+03 4.129999999999999893e+00
2.016009308814204132e+03 4.330000000000000071e+00
2.016023005707038692e+03 4.429999999999999716e+00
2.016031223842739337e+03 4.429999999999999716e+00
2.016036702599873252e+03 4.429999999999999716e+00
2.016042181357006939e+03 4.570000000000000284e+00
2.016053138871274541e+03 4.429999999999999716e+00
2.016055878249841498e+03 4.290000000000000036e+00
2.016061357006975186e+03 4.290000000000000036e+00
2.016069575142676058e+03 4.330000000000000071e+00
2.016075053899809745e+03 4.209999999999999964e+00
2.016080532656943660e+03 4.309999999999999609e+00
2.016088750792644305e+03 4.209999999999999964e+00
2.016096968928344950e+03 4.209999999999999964e+00
2.016107926442612552e+03 4.320000000000000284e+00
2.016113405199746467e+03 4.419999999999999929e+00
2.016121623335447111e+03 4.389999999999999680e+00
2.016135320228281444e+03 4.530000000000000249e+00
2.016140798985415358e+03 4.540000000000000036e+00
2.016154495878249918e+03 4.610000000000000320e+00
2.016168192771084250e+03 4.780000000000000249e+00
2.016173671528218165e+03 4.780000000000000249e+00
2.016187368421052724e+03 4.919999999999999929e+00
2.016192847178186412e+03 4.919999999999999929e+00
2.016201065313887057e+03 4.990000000000000213e+00
2.016206544071020971e+03 4.990000000000000213e+00
2.016217501585288574e+03 4.990000000000000213e+00
2.016231198478122906e+03 5.080000000000000071e+00
2.016233937856689863e+03 5.080000000000000071e+00
2.016236677235256820e+03 5.129999999999999893e+00
2.016239416613823778e+03 5.080000000000000071e+00
2.016244895370957465e+03 5.110000000000000320e+00
2.016250374128091380e+03 5.240000000000000213e+00
2.016258592263792025e+03 5.240000000000000213e+00
2.016266810399492670e+03 5.259999999999999787e+00
2.016272289156626584e+03 4.500000000000000000e+00
2.016277767913760272e+03 4.580000000000000071e+00
2.016283246670894187e+03 4.599999999999999645e+00
2.016291464806594831e+03 4.599999999999999645e+00
2.016316119213696993e+03 4.280000000000000249e+00
2.016318858592263723e+03 4.360000000000000320e+00
2.016324337349397638e+03 4.559999999999999609e+00
2.016332555485098283e+03 4.559999999999999609e+00
2.016335294863665240e+03 4.580000000000000071e+00
2.016338034242232197e+03 4.429999999999999716e+00
2.016346252377932842e+03 4.429999999999999716e+00
2.016354470513633487e+03 4.330000000000000071e+00
2.016365428027901089e+03 4.379999999999999893e+00
2.016373646163601734e+03 4.389999999999999680e+00
2.016381864299302379e+03 4.559999999999999609e+00
2.016392821813569981e+03 4.280000000000000249e+00
2.016409258084971498e+03 4.280000000000000249e+00
2.016422954977806057e+03 4.599999999999999645e+00
2.016439391249207347e+03 4.679999999999999716e+00
2.016455827520608636e+03 4.259999999999999787e+00
2.016480481927710798e+03 4.290000000000000036e+00
2.016496918199112315e+03 4.009999999999999787e+00
2.016502396956246002e+03 3.859999999999999876e+00
2.016507875713379917e+03 4.040000000000000036e+00
2.016513354470513605e+03 4.009999999999999787e+00
2.016516093849080562e+03 3.830000000000000071e+00
2.016524311984781207e+03 3.830000000000000071e+00
2.016543487634749454e+03 3.580000000000000071e+00
2.016546227013316411e+03 3.529999999999999805e+00
2.016554445149017056e+03 3.529999999999999805e+00
2.016559923906150971e+03 3.640000000000000124e+00
2.016562663284717928e+03 3.750000000000000000e+00
2.016565402663284658e+03 3.680000000000000160e+00
2.016568142041851615e+03 3.850000000000000089e+00
2.016570881420418573e+03 3.669999999999999929e+00
2.016573620798985303e+03 3.569999999999999840e+00
2.016576360177552260e+03 3.439999999999999947e+00
2.016579099556119218e+03 3.310000000000000053e+00
2.016590057070386820e+03 3.330000000000000071e+00
2.016592796448953777e+03 3.330000000000000071e+00
2.016595535827520507e+03 3.390000000000000124e+00
2.016598275206087465e+03 3.279999999999999805e+00
2.016601014584654422e+03 3.279999999999999805e+00
2.016603753963221379e+03 3.290000000000000036e+00
2.016609232720355067e+03 3.390000000000000124e+00
2.016617450856055711e+03 3.470000000000000195e+00
2.016622929613189626e+03 3.430000000000000160e+00
2.016625668991756584e+03 3.470000000000000195e+00
2.016639365884590916e+03 3.529999999999999805e+00
2.016647584020291788e+03 3.649999999999999911e+00
2.016650323398858518e+03 3.580000000000000071e+00
2.016653062777425475e+03 3.680000000000000160e+00
2.016655802155992433e+03 3.740000000000000213e+00
2.016664020291693078e+03 3.649999999999999911e+00
2.016666759670260035e+03 3.600000000000000089e+00
2.016672238427393722e+03 3.689999999999999947e+00
2.016674977805960680e+03 3.819999999999999840e+00
2.016677717184527637e+03 3.919999999999999929e+00
2.016680456563094594e+03 3.000000000000000000e+00
2.016685935320228282e+03 3.330000000000000071e+00
2.016707850348763486e+03 3.189999999999999947e+00
2.016713329105897174e+03 3.040000000000000036e+00
2.016727025998731733e+03 3.060000000000000053e+00
2.016737983512999335e+03 3.060000000000000053e+00
2.016743462270133250e+03 3.080000000000000071e+00
2.016748941027266937e+03 3.129999999999999893e+00
2.016757159162967582e+03 3.169999999999999929e+00
2.016765377298668454e+03 3.180000000000000160e+00
2.016776334812936057e+03 3.180000000000000160e+00
2.016784552948636701e+03 3.419999999999999929e+00
2.016790031705770389e+03 3.430000000000000160e+00
2.016798249841471261e+03 3.259999999999999787e+00
2.016803728598604948e+03 3.259999999999999787e+00
2.016809207355738636e+03 2.939999999999999947e+00
2.016817425491439508e+03 2.939999999999999947e+00
2.016822904248573195e+03 2.990000000000000213e+00
2.016831122384273840e+03 2.779999999999999805e+00
2.016836601141407755e+03 2.790000000000000036e+00
2.016839340519974712e+03 2.810000000000000053e+00
2.016842079898541442e+03 2.879999999999999893e+00
2.016850298034242314e+03 2.850000000000000089e+00
2.016855776791376002e+03 2.930000000000000160e+00
2.016863994927076646e+03 2.959999999999999964e+00
2.016869473684210561e+03 2.959999999999999964e+00
2.016874952441344249e+03 3.009999999999999787e+00
2.016883170577045121e+03 3.069999999999999840e+00
2.016888649334178808e+03 3.069999999999999840e+00
2.016891388712745766e+03 3.009999999999999787e+00
2.016896867469879453e+03 3.080000000000000071e+00
2.016902346227013368e+03 3.189999999999999947e+00
2.016907824984147055e+03 3.319999999999999840e+00
2.016921521876981615e+03 3.359999999999999876e+00
2.016929740012682259e+03 3.379999999999999893e+00
2.016935218769816174e+03 3.390000000000000124e+00
2.016940697526949862e+03 3.390000000000000124e+00
2.016948915662650506e+03 3.390000000000000124e+00
2.016954394419784421e+03 3.540000000000000036e+00
2.016968091312618981e+03 3.540000000000000036e+00
2.016973570069752668e+03 3.140000000000000124e+00
2.016981788205453313e+03 3.140000000000000124e+00
2.016987266962587228e+03 3.169999999999999929e+00
2.016995485098287872e+03 3.220000000000000195e+00
2.017006442612555475e+03 3.259999999999999787e+00
2.017014660748256119e+03 3.359999999999999876e+00
2.017020139505390034e+03 2.810000000000000053e+00
2.017028357641090679e+03 2.819999999999999840e+00
2.017039315155358281e+03 2.970000000000000195e+00
2.017044793912491969e+03 2.930000000000000160e+00
2.017053012048192841e+03 3.000000000000000000e+00
2.017061230183893485e+03 3.060000000000000053e+00
2.017072187698161088e+03 3.209999999999999964e+00
2.017077666455294775e+03 3.180000000000000160e+00
2.017085884590995647e+03 3.240000000000000213e+00
2.017094102726696292e+03 3.279999999999999805e+00
2.017099581483829979e+03 3.379999999999999893e+00
2.017105060240963894e+03 3.390000000000000124e+00
2.017110538998097581e+03 3.399999999999999911e+00
2.017118757133798454e+03 3.459999999999999964e+00
2.017126975269499098e+03 3.529999999999999805e+00
2.017132454026632786e+03 3.470000000000000195e+00
2.017140672162333431e+03 3.629999999999999893e+00
2.017143411540900388e+03 3.569999999999999840e+00
2.017151629676601033e+03 3.819999999999999840e+00
2.017165326569435592e+03 3.819999999999999840e+00
2.017168065948002550e+03 3.879999999999999893e+00
2.017176284083703194e+03 3.029999999999999805e+00
2.017187241597970797e+03 3.140000000000000124e+00
2.017192720355104711e+03 3.140000000000000124e+00
2.017195459733671441e+03 3.149999999999999911e+00
2.017209156626506001e+03 3.209999999999999964e+00
2.017222853519340561e+03 3.330000000000000071e+00
2.017225592897907518e+03 3.259999999999999787e+00
2.017233811033608163e+03 3.220000000000000195e+00
2.017242029169308807e+03 2.899999999999999911e+00
2.017250247305009452e+03 3.319999999999999840e+00
2.017258465440710097e+03 2.890000000000000124e+00
2.017269422954977699e+03 3.000000000000000000e+00
2.017274901712111614e+03 3.060000000000000053e+00
2.017285859226379216e+03 3.029999999999999805e+00
2.017291337983512904e+03 3.100000000000000089e+00
2.017296816740646818e+03 3.029999999999999805e+00
2.017307774254914420e+03 3.290000000000000036e+00
2.017313253012048108e+03 3.259999999999999787e+00
2.017332428662016582e+03 2.819999999999999840e+00
2.017351604311984829e+03 2.609999999999999876e+00
2.017357083069118517e+03 2.310000000000000053e+00
2.017368040583386119e+03 2.390000000000000124e+00
2.017373519340520033e+03 2.379999999999999893e+00
2.017378998097653721e+03 2.430000000000000160e+00
2.017389955611921323e+03 2.560000000000000053e+00
2.017406391883322840e+03 2.600000000000000089e+00
2.017422828154724129e+03 2.419999999999999929e+00
2.017433785668991732e+03 2.459999999999999964e+00
2.017450221940393249e+03 2.140000000000000124e+00
2.017461179454660851e+03 2.100000000000000089e+00
2.017477615726062140e+03 2.029999999999999805e+00
2.017488573240329742e+03 2.129999999999999893e+00
2.017496791376030387e+03 2.189999999999999947e+00
2.017502270133164302e+03 2.189999999999999947e+00
2.017505009511731032e+03 2.189999999999999947e+00
2.017510488268864947e+03 2.209999999999999964e+00
2.017529663918833194e+03 2.359999999999999876e+00
2.017532403297400151e+03 2.359999999999999876e+00
2.017537882054533839e+03 2.379999999999999893e+00
2.017551578947368398e+03 2.419999999999999929e+00
2.017554318325935355e+03 2.419999999999999929e+00
2.017559797083069043e+03 2.419999999999999929e+00
2.017565275840202958e+03 2.439999999999999947e+00
2.017570754597336645e+03 2.680000000000000160e+00
2.017573493975903602e+03 2.470000000000000195e+00
2.017578972733037517e+03 2.580000000000000071e+00
2.017584451490171205e+03 2.580000000000000071e+00
2.017587190868738162e+03 1.939999999999999947e+00
2.017592669625871849e+03 1.959999999999999964e+00
2.017598148383005764e+03 1.959999999999999964e+00
2.017600887761572494e+03 1.959999999999999964e+00
2.017603627140139452e+03 1.989999999999999991e+00
2.017611845275840096e+03 2.029999999999999805e+00
2.017614584654407054e+03 2.029999999999999805e+00
2.017620063411540968e+03 2.100000000000000089e+00
2.017625542168674656e+03 2.000000000000000000e+00
2.017628281547241613e+03 2.000000000000000000e+00
2.017633760304375301e+03 1.709999999999999964e+00
2.017636499682942258e+03 1.669999999999999929e+00
2.017652935954343775e+03 1.719999999999999973e+00
2.017661154090044420e+03 1.989999999999999991e+00
2.017666632847178107e+03 2.009999999999999787e+00
2.017669372225745064e+03 2.000000000000000000e+00
2.017680329740012667e+03 2.060000000000000053e+00
2.017685808497146581e+03 2.000000000000000000e+00
2.017694026632847226e+03 2.169999999999999929e+00
2.017702244768547871e+03 2.080000000000000071e+00
2.017707723525681786e+03 2.240000000000000213e+00
2.017718681039949161e+03 2.240000000000000213e+00
2.017729638554216763e+03 2.439999999999999947e+00
2.017748814204185237e+03 2.569999999999999840e+00
2.017751553582751967e+03 2.569999999999999840e+00
2.017757032339885882e+03 2.569999999999999840e+00
2.017762511097019569e+03 2.600000000000000089e+00
2.017765250475586527e+03 2.600000000000000089e+00
2.017767989854153484e+03 1.860000000000000098e+00
2.017784426125554774e+03 1.879999999999999893e+00
2.018113151553582838e+03 3.109999999999999876e+00
2.018121369689283483e+03 3.189999999999999947e+00
2.018126848446417171e+03 3.240000000000000213e+00
2.018135066582118043e+03 3.240000000000000213e+00
2.018140545339251730e+03 3.279999999999999805e+00
2.018167939124920849e+03 3.439999999999999947e+00
2.018173417882054537e+03 3.439999999999999947e+00
2.018187114774889096e+03 3.629999999999999893e+00
2.018203551046290386e+03 3.689999999999999947e+00
2.018209029803424301e+03 3.689999999999999947e+00
2.018222726696258633e+03 3.819999999999999840e+00
2.018250120481927752e+03 4.009999999999999787e+00
2.018255599239061439e+03 4.009999999999999787e+00
2.018258338617628397e+03 4.009999999999999787e+00
2.018269296131895999e+03 4.139999999999999680e+00
2.018272035510462956e+03 4.139999999999999680e+00
2.018299429296131848e+03 4.309999999999999609e+00
2.018318604946100095e+03 4.469999999999999751e+00
2.018324083703234010e+03 3.919999999999999929e+00
2.018326823081800967e+03 3.919999999999999929e+00
2.018332301838934654e+03 3.919999999999999929e+00
2.018337780596068569e+03 4.059999999999999609e+00
2.018345998731769214e+03 4.059999999999999609e+00
2.018348738110336171e+03 4.099999999999999645e+00
2.018351477488902901e+03 4.070000000000000284e+00
2.018354216867469859e+03 4.070000000000000284e+00
2.018378871274572020e+03 4.009999999999999787e+00
2.018387089410272665e+03 3.890000000000000124e+00
2.018392568167406580e+03 3.939999999999999947e+00
2.018409004438807870e+03 3.990000000000000213e+00
2.018419961953075472e+03 4.059999999999999609e+00
2.018422701331642429e+03 4.059999999999999609e+00
2.018441876981610676e+03 3.750000000000000000e+00
2.018463792010145880e+03 3.830000000000000071e+00
2.018469270767279568e+03 3.850000000000000089e+00
2.018474749524413483e+03 3.859999999999999876e+00
2.018480228281547170e+03 3.959999999999999964e+00
2.018502143310082374e+03 3.399999999999999911e+00
2.018518579581483891e+03 3.490000000000000213e+00
2.018532276474318223e+03 3.490000000000000213e+00
2.018537755231452138e+03 3.500000000000000000e+00
2.018543233988585826e+03 3.540000000000000036e+00
2.018548712745719740e+03 2.790000000000000036e+00
2.018551452124286698e+03 2.879999999999999893e+00
2.018565149017121030e+03 2.939999999999999947e+00
2.018567888395687987e+03 2.970000000000000195e+00
2.018570627774254945e+03 2.959999999999999964e+00
2.018573367152821902e+03 2.959999999999999964e+00
2.018598021559923836e+03 3.140000000000000124e+00
2.018600760938490794e+03 3.140000000000000124e+00
2.018606239695624708e+03 3.209999999999999964e+00
2.018614457831325353e+03 3.259999999999999787e+00
2.018619936588459041e+03 3.310000000000000053e+00
2.018625415345592955e+03 2.750000000000000000e+00
2.018628154724159685e+03 2.750000000000000000e+00
2.018633633481293600e+03 2.779999999999999805e+00
2.018636372859860558e+03 2.810000000000000053e+00
2.018641851616994245e+03 2.819999999999999840e+00
2.018661027266962492e+03 3.009999999999999787e+00
2.018666506024096407e+03 3.009999999999999787e+00
2.018674724159797051e+03 3.080000000000000071e+00
2.018682942295497696e+03 3.129999999999999893e+00
2.018707596702599858e+03 2.919999999999999929e+00
2.018721293595434418e+03 3.040000000000000036e+00
2.018724032974001375e+03 3.040000000000000036e+00
2.018734990488268977e+03 3.080000000000000071e+00
2.018743208623969622e+03 3.180000000000000160e+00
2.018748687381103309e+03 3.180000000000000160e+00
2.018751426759670267e+03 3.180000000000000160e+00
2.018756905516803954e+03 2.609999999999999876e+00
2.018762384273937869e+03 2.609999999999999876e+00
2.018784299302473073e+03 2.459999999999999964e+00
2.018789778059606761e+03 2.509999999999999787e+00
2.018792517438173718e+03 2.509999999999999787e+00
2.018811693088141965e+03 2.609999999999999876e+00
2.018819911223842837e+03 2.609999999999999876e+00
2.018830868738110439e+03 2.750000000000000000e+00
2.018833608116677169e+03 2.750000000000000000e+00
2.018844565630944771e+03 2.560000000000000053e+00
2.018855523145212373e+03 2.669999999999999929e+00
2.019113024730500911e+03 3.220000000000000195e+00
2.019118503487634825e+03 3.220000000000000195e+00
2.019121242866201555e+03 3.220000000000000195e+00
2.019181509194673481e+03 2.720000000000000195e+00
2.019186987951807168e+03 2.720000000000000195e+00
2.019189727330374126e+03 2.720000000000000195e+00
2.019195206087507813e+03 2.779999999999999805e+00
2.019208902980342373e+03 2.529999999999999805e+00
2.019222599873176932e+03 2.600000000000000089e+00
2.019228078630310620e+03 2.640000000000000124e+00
2.019230818008877577e+03 2.640000000000000124e+00
2.019241775523145179e+03 2.740000000000000213e+00
2.019247254280279094e+03 2.740000000000000213e+00
2.019249993658845824e+03 2.740000000000000213e+00
2.019263690551680384e+03 2.810000000000000053e+00
2.019277387444514943e+03 2.609999999999999876e+00
2.019304781230183835e+03 2.759999999999999787e+00
2.019345871908687286e+03 2.509999999999999787e+00
2.019348611287254244e+03 2.509999999999999787e+00
2.019365047558655760e+03 2.600000000000000089e+00
2.019367786937222490e+03 2.600000000000000089e+00
2.019400659480025297e+03 2.399999999999999911e+00
2.019406138237159212e+03 2.399999999999999911e+00
2.019408877615726169e+03 2.399999999999999911e+00
2.019414356372859856e+03 2.470000000000000195e+00
2.019422574508560501e+03 2.529999999999999805e+00
2.019428053265694416e+03 2.529999999999999805e+00
2.019433532022828103e+03 2.569999999999999840e+00
2.019436271401395061e+03 2.390000000000000124e+00
2.019441750158528748e+03 2.390000000000000124e+00
2.019460925808497223e+03 2.100000000000000089e+00
2.019463665187063953e+03 2.100000000000000089e+00
2.019469143944197867e+03 2.109999999999999876e+00
2.019474622701331555e+03 2.140000000000000124e+00
2.019477362079898512e+03 2.140000000000000124e+00
2.019482840837032427e+03 1.750000000000000000e+00
2.019488319594166114e+03 1.780000000000000027e+00
2.019515713379835233e+03 1.939999999999999947e+00
2.019518452758401963e+03 1.939999999999999947e+00
2.019523931515535878e+03 1.959999999999999964e+00
2.019529410272669566e+03 2.100000000000000089e+00
2.019537628408370438e+03 2.129999999999999893e+00
2.019551325301204770e+03 1.820000000000000062e+00
2.019556804058338685e+03 1.830000000000000071e+00
2.019559543436905415e+03 1.610000000000000098e+00
2.019567761572606287e+03 1.719999999999999973e+00
2.019592415979708221e+03 1.820000000000000062e+00
2.019597894736842136e+03 1.850000000000000089e+00
2.019600634115409093e+03 1.850000000000000089e+00
2.019606112872542781e+03 1.879999999999999893e+00
2.019619809765377340e+03 2.040000000000000036e+00
2.019625288522511028e+03 2.060000000000000053e+00
